BTS G-STUDIO File

--------------------------------------------------------
Versione File:		5
Sensor type:		GS2
Accelerometro (g):	±2
Magnetico (uT):	OFF
Giroscopio (°/s):	±2000
Frequenza (Hz):		100
GPS (Hz):		OFF
Informazioni sull’orientamento:	ON
Frames:	946
--------------------------------------------------------

Time		Acc.			Gyro.		Roll	Pitch	Yaw
t(s)	X(m/s²)	Y(m/s²)	Z(m/s²)	X(°/s)	Y(°/s)	Z(°/s)	(°)	(°)	(°)
0.010	9.206	-0.264	2.885	0.061	0.000	0.000	-4.5	-72.1	142.6
0.020	9.219	-0.257	2.970	0.000	0.183	0.061	-4.5	-72.1	142.6
0.030	9.187	-0.259	3.016	-0.122	0.183	0.061	-4.5	-72.1	142.6
0.040	9.235	-0.232	3.000	-0.122	0.427	0.000	-4.5	-72.1	142.6
0.050	9.190	-0.244	3.013	-0.061	0.305	-0.122	-4.5	-72.1	142.6
0.060	9.217	-0.246	3.025	0.061	0.366	-0.183	-4.5	-72.1	142.6
0.070	9.234	-0.253	2.984	0.305	0.122	-0.244	-4.5	-72.1	142.6
0.080	9.192	-0.295	2.934	0.366	0.244	-0.366	-4.5	-72.1	142.5
0.090	9.192	-0.268	2.953	0.427	0.305	-0.305	-4.5	-72.1	142.5
0.100	9.186	-0.271	2.923	0.427	0.488	-0.244	-4.5	-72.1	142.5
0.110	9.173	-0.228	2.942	0.366	0.549	-0.183	-4.5	-72.1	142.5
0.120	9.206	-0.205	2.916	0.183	0.366	-0.061	-4.5	-72.1	142.5
0.130	9.228	-0.245	2.911	0.244	0.061	-0.061	-4.5	-72.1	142.5
0.140	9.227	-0.236	2.953	0.122	-0.122	0.061	-4.5	-72.1	142.5
0.150	9.237	-0.218	2.929	-0.061	-0.061	-0.061	-4.5	-72.1	142.5
0.160	9.249	-0.233	2.969	-0.061	0.061	-0.061	-4.5	-72.1	142.5
0.170	9.271	-0.196	2.897	0.000	0.000	-0.061	-4.5	-72.2	142.5
0.180	9.289	-0.242	2.918	0.000	0.305	-0.061	-4.5	-72.2	142.5
0.190	9.275	-0.218	3.018	0.183	0.610	-0.061	-4.5	-72.2	142.5
0.200	9.277	-0.260	3.005	0.244	0.610	0.061	-4.5	-72.2	142.5
0.210	9.234	-0.226	2.964	0.305	0.916	0.061	-4.5	-72.2	142.5
0.220	9.187	-0.265	3.005	0.366	1.099	0.061	-4.5	-72.1	142.5
0.230	9.192	-0.275	2.908	0.488	1.038	0.061	-4.5	-72.1	142.5
0.240	9.215	-0.247	2.881	0.610	0.732	0.061	-4.5	-72.1	142.5
0.250	9.210	-0.270	2.849	0.732	0.488	0.061	-4.5	-72.1	142.5
0.260	9.174	-0.252	2.891	0.671	0.305	0.000	-4.5	-72.1	142.5
0.270	9.190	-0.239	2.887	0.793	0.488	0.122	-4.5	-72.2	142.5
0.280	9.207	-0.223	2.886	0.854	0.488	0.183	-4.5	-72.2	142.5
0.290	9.228	-0.215	2.926	0.671	0.305	0.244	-4.5	-72.2	142.5
0.300	9.198	-0.230	2.897	0.732	0.061	0.061	-4.5	-72.2	142.5
0.310	9.231	-0.198	2.933	0.732	0.000	0.061	-4.5	-72.2	142.5
0.320	9.270	-0.185	2.959	0.671	0.061	0.122	-4.5	-72.2	142.5
0.330	9.258	-0.212	2.932	0.671	0.488	0.061	-4.5	-72.2	142.5
0.340	9.267	-0.250	2.969	0.671	0.366	0.183	-4.5	-72.2	142.6
0.350	9.267	-0.270	2.947	0.610	0.366	0.122	-4.5	-72.2	142.6
0.360	9.203	-0.272	2.922	0.610	0.549	0.061	-4.5	-72.2	142.6
0.370	9.209	-0.260	2.909	0.549	0.549	0.000	-4.5	-72.2	142.6
0.380	9.181	-0.272	2.911	0.427	0.671	-0.122	-4.5	-72.2	142.6
0.390	9.164	-0.203	2.932	0.366	0.610	-0.061	-4.5	-72.2	142.6
0.400	9.169	-0.193	2.923	0.244	0.366	-0.061	-4.5	-72.2	142.6
0.410	9.210	-0.203	2.936	0.305	0.183	-0.061	-4.5	-72.2	142.5
0.420	9.197	-0.247	2.912	0.183	0.183	0.000	-4.5	-72.2	142.5
0.430	9.218	-0.218	2.858	0.183	0.061	-0.122	-4.5	-72.2	142.5
0.440	9.241	-0.227	2.906	0.244	-0.122	-0.122	-4.5	-72.2	142.5
0.450	9.270	-0.262	2.902	0.366	-0.183	-0.122	-4.5	-72.2	142.5
0.460	9.243	-0.266	2.958	0.305	-0.183	-0.122	-4.5	-72.2	142.5
0.470	9.270	-0.285	2.934	0.366	0.061	0.000	-4.5	-72.2	142.5
0.480	9.252	-0.295	2.937	0.244	0.366	0.061	-4.5	-72.3	142.5
0.490	9.267	-0.232	2.946	0.244	0.305	-0.061	-4.5	-72.3	142.5
0.500	9.259	-0.264	2.933	0.122	0.427	-0.061	-4.5	-72.3	142.5
0.510	9.206	-0.242	2.905	0.061	0.549	0.061	-4.5	-72.3	142.5
0.520	9.204	-0.301	2.915	0.061	0.549	0.000	-4.5	-72.3	142.5
0.530	9.186	-0.277	2.902	0.061	0.488	-0.061	-4.5	-72.3	142.5
0.540	9.144	-0.241	2.918	0.244	0.244	-0.244	-4.5	-72.3	142.5
0.550	9.176	-0.296	2.940	0.244	0.000	-0.305	-4.5	-72.3	142.5
0.560	9.224	-0.217	2.920	0.366	-0.122	-0.244	-4.5	-72.3	142.5
0.570	9.273	-0.224	2.945	0.366	0.183	0.000	-4.5	-72.3	142.5
0.580	9.258	-0.232	2.911	0.366	0.366	0.122	-4.5	-72.3	142.5
0.590	9.223	-0.284	2.918	0.549	0.366	0.122	-4.5	-72.3	142.5
0.600	9.229	-0.283	2.904	0.549	0.244	0.061	-4.5	-72.3	142.5
0.610	9.247	-0.262	2.922	0.488	0.244	0.061	-4.5	-72.3	142.6
0.620	9.230	-0.299	2.935	0.366	0.305	0.183	-4.5	-72.3	142.6
0.630	9.187	-0.233	2.894	0.366	0.366	0.061	-4.5	-72.3	142.6
0.640	9.229	-0.203	2.943	0.305	0.671	0.000	-4.5	-72.3	142.6
0.650	9.267	-0.195	2.927	0.122	0.488	0.000	-4.5	-72.3	142.6
0.660	9.241	-0.206	2.897	0.122	0.488	0.000	-4.5	-72.3	142.6
0.670	9.204	-0.220	2.890	0.305	0.610	-0.122	-4.5	-72.3	142.6
0.680	9.240	-0.287	2.903	0.366	0.427	-0.061	-4.5	-72.3	142.6
0.690	9.248	-0.287	2.911	0.488	0.305	-0.183	-4.5	-72.3	142.6
0.700	9.259	-0.302	2.937	0.488	0.366	-0.061	-4.5	-72.3	142.6
0.710	9.275	-0.284	2.904	0.610	0.671	0.061	-4.5	-72.3	142.6
0.720	9.215	-0.269	2.932	0.671	0.610	0.000	-4.5	-72.3	142.6
0.730	9.200	-0.240	2.917	0.488	0.549	0.122	-4.5	-72.3	142.6
0.740	9.206	-0.260	2.880	0.610	0.549	0.244	-4.5	-72.3	142.6
0.750	9.205	-0.254	2.893	0.549	0.732	0.366	-4.5	-72.3	142.6
0.760	9.205	-0.266	2.908	0.549	0.793	0.366	-4.6	-72.3	142.6
0.770	9.251	-0.258	2.910	0.488	0.549	0.366	-4.6	-72.3	142.6
0.780	9.228	-0.257	2.918	0.488	0.488	0.244	-4.6	-72.3	142.6
0.790	9.204	-0.241	2.872	0.671	0.488	0.061	-4.6	-72.3	142.7
0.800	9.212	-0.234	2.937	0.732	0.793	0.122	-4.6	-72.3	142.7
0.810	9.241	-0.244	2.982	0.854	0.732	0.061	-4.6	-72.3	142.7
0.820	9.243	-0.263	2.909	0.916	0.610	0.061	-4.6	-72.3	142.7
0.830	9.267	-0.250	2.912	0.977	0.549	0.061	-4.6	-72.3	142.7
0.840	9.290	-0.315	2.897	1.038	0.488	0.183	-4.6	-72.3	142.7
0.850	9.272	-0.313	2.898	1.160	0.549	0.183	-4.6	-72.3	142.7
0.860	9.199	-0.308	2.891	1.099	0.549	0.244	-4.6	-72.3	142.7
0.870	9.210	-0.270	2.908	1.160	0.793	0.183	-4.6	-72.3	142.7
0.880	9.202	-0.253	2.977	1.038	0.732	0.244	-4.6	-72.3	142.7
0.890	9.157	-0.174	2.954	0.854	0.732	0.061	-4.6	-72.3	142.7
0.900	9.187	-0.155	2.920	0.671	0.549	0.183	-4.6	-72.3	142.7
0.910	9.166	-0.212	2.939	0.549	0.549	0.061	-4.6	-72.3	142.7
0.920	9.263	-0.212	2.872	0.488	0.549	0.061	-4.6	-72.3	142.7
0.930	9.254	-0.177	2.923	0.427	0.549	0.000	-4.6	-72.3	142.7
0.940	9.281	-0.247	2.898	0.488	0.732	-0.061	-4.6	-72.3	142.7
0.950	9.252	-0.288	2.936	0.427	0.671	0.000	-4.6	-72.3	142.7
0.960	9.265	-0.306	2.899	0.549	0.732	0.000	-4.6	-72.3	142.7
0.970	9.200	-0.326	2.914	0.671	0.916	0.061	-4.6	-72.3	142.7
0.980	9.231	-0.315	2.911	0.549	0.916	0.000	-4.6	-72.3	142.7
0.990	9.227	-0.271	2.867	0.488	0.732	0.000	-4.6	-72.3	142.7
1.000	9.210	-0.254	2.932	0.366	0.793	0.000	-4.6	-72.3	142.7
1.010	9.264	-0.245	2.908	0.427	0.916	0.061	-4.6	-72.3	142.7
1.020	9.267	-0.254	2.864	0.427	1.099	0.244	-4.6	-72.3	142.8
1.030	9.278	-0.233	2.917	0.488	1.221	0.366	-4.6	-72.3	142.8
1.040	9.222	-0.240	2.855	0.549	1.404	0.427	-4.6	-72.3	142.8
1.050	9.241	-0.271	2.900	0.610	1.404	0.427	-4.6	-72.3	142.8
1.060	9.194	-0.343	2.899	0.610	1.099	0.305	-4.6	-72.3	142.8
1.070	9.203	-0.265	2.853	0.671	0.854	0.183	-4.7	-72.3	142.8
1.080	9.179	-0.287	2.930	0.793	0.732	0.122	-4.7	-72.3	142.8
1.090	9.213	-0.246	2.906	0.671	0.793	0.244	-4.7	-72.3	142.8
1.100	9.228	-0.204	2.979	0.671	1.099	0.305	-4.7	-72.3	142.8
1.110	9.235	-0.227	2.912	0.549	1.343	0.244	-4.7	-72.3	142.8
1.120	9.225	-0.242	2.875	0.549	1.160	0.122	-4.7	-72.2	142.8
1.130	9.215	-0.240	2.887	0.488	0.916	0.122	-4.7	-72.2	142.9
1.140	9.273	-0.230	2.850	0.488	0.916	0.061	-4.7	-72.2	142.9
1.150	9.246	-0.262	2.866	0.366	0.854	0.122	-4.7	-72.2	142.9
1.160	9.266	-0.246	2.886	0.427	0.793	0.122	-4.7	-72.2	142.9
1.170	9.233	-0.256	2.912	0.610	0.732	0.183	-4.7	-72.2	142.9
1.180	9.258	-0.269	2.896	0.610	0.732	0.244	-4.7	-72.2	142.9
1.190	9.246	-0.297	2.918	0.610	0.977	0.366	-4.7	-72.2	142.9
1.200	9.227	-0.296	2.886	0.610	1.160	0.427	-4.7	-72.2	142.9
1.210	9.178	-0.315	2.899	0.549	1.343	0.183	-4.7	-72.2	142.9
1.220	9.149	-0.280	2.914	0.671	1.038	0.061	-4.7	-72.2	142.9
1.230	9.176	-0.299	2.862	0.732	0.671	0.061	-4.7	-72.2	142.9
1.240	9.166	-0.239	2.978	0.671	0.488	0.061	-4.7	-72.2	142.9
1.250	9.182	-0.251	2.940	0.854	0.244	0.061	-4.7	-72.2	143.0
1.260	9.204	-0.241	2.953	0.916	0.244	0.183	-4.7	-72.2	143.0
1.270	9.188	-0.284	2.960	0.977	0.366	0.366	-4.7	-72.2	143.0
1.280	9.202	-0.343	2.983	1.038	0.488	0.427	-4.8	-72.2	143.0
1.290	9.198	-0.299	2.915	1.038	0.366	0.427	-4.8	-72.2	143.0
1.300	9.233	-0.262	2.911	0.916	0.671	0.366	-4.8	-72.2	143.0
1.310	9.240	-0.234	2.929	0.854	0.916	0.427	-4.8	-72.2	143.0
1.320	9.248	-0.262	2.979	0.549	1.160	0.427	-4.8	-72.2	143.1
1.330	9.255	-0.253	2.929	0.366	1.038	0.427	-4.8	-72.2	143.1
1.340	9.196	-0.196	2.947	0.366	1.038	0.244	-4.8	-72.2	143.1
1.350	9.191	-0.204	2.958	0.244	1.038	0.061	-4.8	-72.2	143.1
1.360	9.202	-0.232	2.949	0.183	0.916	0.122	-4.8	-72.2	143.1
1.370	9.182	-0.247	2.946	0.244	0.671	0.122	-4.8	-72.2	143.1
1.380	9.239	-0.297	2.947	0.305	0.549	-0.061	-4.8	-72.2	143.1
1.390	9.267	-0.283	2.843	0.366	0.549	-0.061	-4.8	-72.2	143.1
1.400	9.271	-0.305	2.941	0.366	0.671	0.061	-4.8	-72.2	143.1
1.410	9.235	-0.290	2.899	0.366	0.610	0.244	-4.8	-72.2	143.1
1.420	9.265	-0.320	2.954	0.488	0.732	0.244	-4.8	-72.2	143.1
1.430	9.227	-0.281	2.885	0.610	0.732	0.366	-4.9	-72.2	143.1
1.440	9.173	-0.276	2.940	0.549	0.610	0.366	-4.9	-72.2	143.1
1.450	9.199	-0.263	2.971	0.610	0.610	0.305	-4.9	-72.2	143.1
1.460	9.184	-0.254	2.926	0.549	0.549	0.305	-4.9	-72.2	143.1
1.470	9.229	-0.228	2.921	0.488	0.793	0.366	-4.9	-72.2	143.1
1.480	9.184	-0.281	2.934	0.366	0.793	0.244	-4.9	-72.2	143.2
1.490	9.218	-0.272	2.943	0.305	0.671	0.244	-4.9	-72.2	143.2
1.500	9.207	-0.288	2.934	0.122	0.671	0.183	-4.9	-72.2	143.2
1.510	9.216	-0.296	2.977	0.122	0.732	0.061	-4.9	-72.2	143.2
1.520	9.200	-0.287	3.019	0.244	0.732	0.000	-4.9	-72.2	143.2
1.530	9.166	-0.265	2.952	0.305	0.610	0.061	-4.9	-72.2	143.2
1.540	9.224	-0.274	3.012	0.305	0.549	0.061	-4.9	-72.2	143.2
1.550	9.211	-0.308	2.945	0.366	0.488	0.061	-4.9	-72.2	143.2
1.560	9.217	-0.295	2.928	0.488	0.549	0.122	-4.9	-72.2	143.2
1.570	9.215	-0.327	2.869	0.549	0.427	0.122	-4.9	-72.2	143.2
1.580	9.236	-0.283	2.910	0.671	0.488	0.122	-4.9	-72.2	143.2
1.590	9.223	-0.306	2.971	0.671	0.427	0.122	-5.0	-72.2	143.2
1.600	9.213	-0.270	2.912	0.549	0.427	0.183	-5.0	-72.2	143.2
1.610	9.203	-0.241	2.923	0.366	0.366	0.183	-5.0	-72.2	143.2
1.620	9.223	-0.198	2.934	0.244	0.183	0.244	-5.0	-72.2	143.2
1.630	9.210	-0.206	2.929	0.000	0.244	0.122	-5.0	-72.2	143.2
1.640	9.224	-0.204	2.894	-0.183	0.427	0.122	-5.0	-72.2	143.2
1.650	9.205	-0.233	2.908	-0.305	0.610	0.183	-5.0	-72.2	143.2
1.660	9.241	-0.251	2.934	-0.305	0.793	0.122	-5.0	-72.2	143.2
1.670	9.240	-0.264	2.945	-0.183	0.854	0.061	-5.0	-72.2	143.2
1.680	9.219	-0.339	2.966	-0.122	0.854	-0.061	-5.0	-72.2	143.2
1.690	9.230	-0.307	2.939	0.122	0.671	0.000	-5.0	-72.2	143.2
1.700	9.229	-0.301	2.972	0.305	0.549	-0.061	-5.0	-72.2	143.2
1.710	9.207	-0.339	2.942	0.366	0.610	0.061	-5.0	-72.2	143.2
1.720	9.157	-0.374	2.969	0.305	0.549	0.000	-5.0	-72.2	143.2
1.730	9.200	-0.315	2.905	0.305	0.427	-0.061	-5.0	-72.2	143.2
1.740	9.197	-0.259	2.963	0.244	0.549	0.000	-5.0	-72.2	143.2
1.750	9.213	-0.206	2.867	0.244	0.427	0.061	-5.0	-72.2	143.2
1.760	9.212	-0.206	2.915	0.122	0.366	0.061	-5.0	-72.2	143.2
1.770	9.203	-0.205	2.935	0.122	0.183	0.305	-5.0	-72.2	143.2
1.780	9.212	-0.263	2.972	0.061	0.122	0.244	-5.0	-72.2	143.2
1.790	9.266	-0.281	3.019	0.000	0.244	0.122	-5.0	-72.2	143.2
1.800	9.251	-0.263	3.022	0.000	0.549	0.061	-5.0	-72.2	143.2
1.810	9.222	-0.251	2.957	0.000	0.793	0.061	-5.0	-72.2	143.2
1.820	9.224	-0.290	2.936	0.061	0.916	-0.061	-5.0	-72.2	143.2
1.830	9.200	-0.315	2.960	0.183	0.977	0.000	-5.0	-72.2	143.2
1.840	9.222	-0.344	2.914	0.427	0.793	-0.061	-5.0	-72.2	143.2
1.850	9.184	-0.311	2.930	0.427	0.610	0.000	-5.1	-72.2	143.3
1.860	9.192	-0.329	2.923	0.549	0.610	0.061	-5.1	-72.2	143.3
1.870	9.205	-0.271	2.936	0.488	0.732	0.122	-5.1	-72.2	143.3
1.880	9.218	-0.272	2.914	0.366	0.732	0.244	-5.1	-72.2	143.3
1.890	9.257	-0.280	2.930	0.244	0.488	0.244	-5.1	-72.2	143.3
1.900	9.212	-0.247	2.964	0.183	0.488	0.183	-5.1	-72.2	143.3
1.910	9.241	-0.289	2.989	0.183	0.549	0.122	-5.1	-72.2	143.3
1.920	9.235	-0.260	2.988	0.244	0.610	0.061	-5.1	-72.2	143.3
1.930	9.210	-0.305	2.941	0.305	0.549	0.061	-5.1	-72.2	143.3
1.940	9.202	-0.302	2.969	0.366	0.549	0.061	-5.1	-72.2	143.3
1.950	9.184	-0.302	2.953	0.427	0.671	0.061	-5.1	-72.2	143.3
1.960	9.215	-0.276	2.936	0.427	0.549	-0.122	-5.1	-72.2	143.3
1.970	9.186	-0.275	2.942	0.427	0.732	0.000	-5.1	-72.2	143.3
1.980	9.192	-0.254	2.930	0.366	0.854	0.061	-5.1	-72.2	143.3
1.990	9.236	-0.266	2.946	0.244	0.732	0.061	-5.1	-72.2	143.3
2.000	9.221	-0.251	2.874	0.122	0.732	0.061	-5.1	-72.2	143.3
2.010	9.217	-0.271	2.963	0.061	0.549	0.061	-5.1	-72.2	143.3
2.020	9.202	-0.296	2.914	-0.183	0.366	0.061	-5.1	-72.2	143.3
2.030	9.198	-0.309	2.930	-0.305	0.549	0.061	-5.1	-72.2	143.3
2.040	9.211	-0.315	2.904	-0.122	0.549	0.122	-5.1	-72.2	143.3
2.050	9.178	-0.308	2.929	0.061	0.549	0.061	-5.1	-72.2	143.3
2.060	9.215	-0.338	2.917	0.122	0.610	0.061	-5.2	-72.2	143.3
2.070	9.234	-0.319	2.949	0.183	0.549	0.061	-5.2	-72.2	143.3
2.080	9.202	-0.331	2.955	0.305	0.610	0.000	-5.2	-72.2	143.3
2.090	9.192	-0.327	2.961	0.305	0.610	0.000	-5.2	-72.2	143.3
2.100	9.199	-0.293	2.981	0.122	0.549	0.000	-5.2	-72.2	143.3
2.110	9.161	-0.291	2.937	0.000	0.549	0.000	-5.2	-72.2	143.3
2.120	9.170	-0.269	2.942	0.122	0.610	0.061	-5.2	-72.2	143.3
2.130	9.203	-0.258	2.936	-0.122	0.671	0.122	-5.2	-72.2	143.3
2.140	9.230	-0.271	3.027	-0.244	0.549	0.122	-5.2	-72.1	143.3
2.150	9.210	-0.308	2.942	-0.122	0.549	0.183	-5.2	-72.1	143.3
2.160	9.237	-0.274	2.916	-0.183	0.610	0.122	-5.2	-72.1	143.4
2.170	9.239	-0.318	2.861	-0.122	0.732	0.061	-5.2	-72.1	143.4
2.180	9.235	-0.250	2.999	-0.183	1.038	0.061	-5.2	-72.1	143.4
2.190	9.175	-0.306	2.927	-0.061	1.099	0.061	-5.2	-72.1	143.4
2.200	9.194	-0.258	2.987	-0.061	1.099	0.000	-5.3	-72.1	143.3
2.210	9.193	-0.269	3.008	-0.122	1.038	-0.061	-5.2	-72.1	143.3
2.220	9.209	-0.303	2.932	0.000	0.732	0.000	-5.2	-72.1	143.3
2.230	9.205	-0.275	2.940	0.000	0.549	0.061	-5.3	-72.1	143.3
2.240	9.264	-0.342	3.026	0.244	0.366	0.000	-5.3	-72.1	143.3
2.250	9.176	-0.317	2.955	0.366	0.183	0.061	-5.3	-72.1	143.3
2.260	9.216	-0.327	3.002	0.366	0.000	-0.061	-5.3	-72.1	143.3
2.270	9.175	-0.342	2.918	0.488	0.061	-0.122	-5.3	-72.1	143.3
2.280	9.200	-0.278	2.953	0.427	0.122	0.000	-5.3	-72.1	143.4
2.290	9.197	-0.269	2.953	0.366	0.061	0.061	-5.3	-72.1	143.4
2.300	9.249	-0.252	2.985	0.244	0.061	0.122	-5.3	-72.1	143.4
2.310	9.249	-0.262	2.904	0.183	0.244	0.244	-5.3	-72.2	143.4
2.320	9.221	-0.274	2.933	0.183	0.671	0.305	-5.3	-72.2	143.4
2.330	9.229	-0.270	3.011	-0.061	0.916	0.305	-5.3	-72.2	143.4
2.340	9.215	-0.284	2.923	-0.122	0.793	0.305	-5.3	-72.1	143.4
2.350	9.234	-0.300	2.979	-0.183	0.793	0.183	-5.3	-72.1	143.4
2.360	9.178	-0.280	3.044	-0.061	0.793	0.061	-5.3	-72.1	143.4
2.370	9.172	-0.276	2.979	0.061	0.549	-0.061	-5.3	-72.1	143.4
2.380	9.215	-0.295	2.959	0.061	0.427	-0.122	-5.3	-72.1	143.4
2.390	9.181	-0.281	2.988	0.122	0.488	-0.061	-5.3	-72.1	143.4
2.400	9.200	-0.323	2.963	0.244	0.549	0.000	-5.3	-72.1	143.4
2.410	9.178	-0.271	2.926	0.366	0.488	0.000	-5.3	-72.1	143.4
2.420	9.209	-0.305	2.921	0.366	0.488	0.061	-5.3	-72.1	143.4
2.430	9.181	-0.306	2.922	0.549	0.549	0.122	-5.3	-72.1	143.4
2.440	9.219	-0.263	3.037	0.427	0.427	0.183	-5.3	-72.1	143.4
2.450	9.211	-0.242	3.027	0.427	0.305	0.122	-5.3	-72.1	143.4
2.460	9.223	-0.242	2.985	0.305	0.244	0.122	-5.3	-72.1	143.4
2.470	9.222	-0.218	2.927	0.183	0.305	0.061	-5.3	-72.1	143.4
2.480	9.247	-0.250	2.916	0.183	0.488	0.122	-5.3	-72.1	143.4
2.490	9.207	-0.268	2.935	0.183	0.610	0.061	-5.3	-72.1	143.4
2.500	9.236	-0.312	2.951	0.366	0.549	0.061	-5.3	-72.1	143.4
2.510	9.252	-0.353	2.987	0.366	0.488	0.000	-5.3	-72.1	143.4
2.520	9.242	-0.324	2.982	0.427	0.610	0.061	-5.3	-72.1	143.4
2.530	9.243	-0.323	3.075	0.366	0.793	0.061	-5.4	-72.1	143.4
2.540	9.233	-0.302	3.014	0.366	0.793	0.061	-5.4	-72.1	143.4
2.550	9.212	-0.252	3.030	0.061	1.038	0.061	-5.4	-72.1	143.4
2.560	9.172	-0.241	3.001	-0.183	1.221	0.061	-5.4	-72.1	143.4
2.570	9.164	-0.265	2.965	0.000	1.038	0.061	-5.4	-72.1	143.4
2.580	9.164	-0.308	2.864	0.061	0.610	0.000	-5.4	-72.1	143.4
2.590	9.194	-0.282	2.918	0.183	0.305	-0.122	-5.4	-72.1	143.4
2.600	9.213	-0.305	2.881	0.244	0.061	-0.061	-5.4	-72.1	143.4
2.610	9.241	-0.313	2.894	0.244	0.000	0.000	-5.4	-72.1	143.4
2.620	9.217	-0.302	2.886	0.244	0.122	0.122	-5.4	-72.1	143.4
2.630	9.222	-0.269	2.947	0.366	0.122	0.061	-5.4	-72.1	143.4
2.640	9.204	-0.263	2.961	0.366	0.183	0.244	-5.4	-72.1	143.4
2.650	9.204	-0.280	2.926	0.366	0.366	0.183	-5.4	-72.1	143.4
2.660	9.216	-0.281	2.976	0.244	0.366	0.183	-5.4	-72.1	143.4
2.670	9.206	-0.291	2.932	0.244	0.549	0.061	-5.4	-72.1	143.4
2.680	9.236	-0.289	2.941	0.183	0.671	0.061	-5.4	-72.1	143.4
2.690	9.223	-0.288	2.977	0.183	0.732	0.000	-5.4	-72.1	143.4
2.700	9.213	-0.284	2.979	0.122	0.732	0.061	-5.4	-72.1	143.4
2.710	9.204	-0.313	2.954	0.244	0.732	0.061	-5.4	-72.1	143.4
2.720	9.224	-0.307	2.970	0.366	0.610	0.061	-5.4	-72.1	143.4
2.730	9.192	-0.296	2.909	0.305	0.488	0.122	-5.4	-72.1	143.4
2.740	9.218	-0.327	3.014	0.305	0.305	0.122	-5.4	-72.1	143.4
2.750	9.210	-0.313	3.019	0.366	0.061	0.122	-5.4	-72.1	143.4
2.760	9.212	-0.349	2.937	0.366	0.000	0.183	-5.4	-72.1	143.4
2.770	9.230	-0.301	2.955	0.305	0.366	0.122	-5.4	-72.1	143.4
2.780	9.198	-0.306	3.000	0.122	0.549	0.122	-5.5	-72.1	143.5
2.790	9.192	-0.306	2.949	0.305	0.366	0.000	-5.5	-72.1	143.5
2.800	9.207	-0.242	2.983	0.366	0.488	0.061	-5.5	-72.1	143.5
2.810	9.204	-0.258	2.942	0.610	0.610	0.061	-5.5	-72.1	143.5
2.820	9.182	-0.264	2.997	0.549	0.793	0.183	-5.5	-72.1	143.5
2.830	9.178	-0.275	2.947	0.549	0.977	0.244	-5.5	-72.1	143.5
2.840	9.184	-0.297	2.961	0.427	0.854	0.244	-5.5	-72.1	143.5
2.850	9.174	-0.317	2.949	0.366	0.549	0.122	-5.5	-72.1	143.5
2.860	9.234	-0.260	3.011	0.305	0.488	0.183	-5.5	-72.1	143.5
2.870	9.228	-0.281	2.933	0.305	0.549	0.122	-5.5	-72.1	143.5
2.880	9.199	-0.266	2.953	0.000	0.488	0.183	-5.5	-72.1	143.5
2.890	9.228	-0.276	2.942	-0.061	0.488	0.244	-5.5	-72.1	143.5
2.900	9.186	-0.299	2.923	0.000	0.488	0.122	-5.5	-72.1	143.5
2.910	9.174	-0.307	2.978	0.122	0.488	0.122	-5.5	-72.1	143.5
2.920	9.212	-0.326	2.994	0.183	0.427	0.000	-5.5	-72.1	143.5
2.930	9.179	-0.313	2.989	0.183	0.305	-0.061	-5.5	-72.1	143.5
2.940	9.191	-0.351	2.976	0.305	0.549	0.000	-5.5	-72.1	143.5
2.950	9.225	-0.333	2.948	0.366	0.488	0.000	-5.5	-72.1	143.5
2.960	9.187	-0.315	2.885	0.366	0.427	0.061	-5.5	-72.1	143.5
2.970	9.204	-0.295	2.937	0.366	0.244	0.183	-5.5	-72.1	143.5
2.980	9.239	-0.312	2.923	0.305	0.366	0.122	-5.5	-72.1	143.5
2.990	9.205	-0.320	2.961	0.244	0.427	0.244	-5.5	-72.1	143.5
3.000	9.151	-0.323	2.971	0.305	0.549	0.183	-5.6	-72.1	143.5
3.010	9.202	-0.313	2.961	0.183	0.549	0.183	-5.6	-72.1	143.5
3.020	9.219	-0.290	3.016	0.305	0.427	0.183	-5.6	-72.1	143.5
3.030	9.245	-0.300	2.932	0.305	0.427	0.122	-5.6	-72.1	143.5
3.040	9.207	-0.301	2.958	0.366	0.549	0.061	-5.6	-72.1	143.6
3.050	9.215	-0.266	2.957	0.366	0.549	0.061	-5.6	-72.1	143.6
3.060	9.213	-0.270	2.915	0.366	0.549	0.061	-5.6	-72.1	143.5
3.070	9.184	-0.319	2.943	0.366	0.549	0.122	-5.6	-72.1	143.6
3.080	9.212	-0.294	2.989	0.244	0.549	0.061	-5.6	-72.1	143.6
3.090	9.219	-0.303	2.942	0.183	0.427	-0.061	-5.6	-72.1	143.6
3.100	9.222	-0.244	2.971	0.061	0.366	0.061	-5.6	-72.1	143.5
3.110	9.206	-0.251	2.922	0.061	0.488	0.061	-5.6	-72.1	143.5
3.120	9.199	-0.294	2.940	0.061	0.244	0.061	-5.6	-72.1	143.5
3.130	9.180	-0.307	2.916	0.061	0.061	0.061	-5.6	-72.1	143.5
3.140	9.198	-0.296	2.993	0.061	0.122	0.061	-5.6	-72.1	143.5
3.150	9.249	-0.275	2.959	0.000	0.305	-0.061	-5.6	-72.1	143.5
3.160	9.198	-0.264	2.979	0.061	0.549	-0.061	-5.6	-72.1	143.5
3.170	9.192	-0.294	2.935	0.366	0.549	-0.061	-5.6	-72.1	143.5
3.180	9.197	-0.287	2.892	0.366	0.488	0.000	-5.6	-72.1	143.5
3.190	9.203	-0.342	2.914	0.366	0.366	0.122	-5.6	-72.1	143.5
3.200	9.160	-0.327	2.967	0.305	0.427	0.061	-5.6	-72.1	143.5
3.210	9.193	-0.280	2.967	0.366	0.183	-0.061	-5.6	-72.1	143.5
3.220	9.221	-0.277	2.994	0.244	0.061	-0.122	-5.6	-72.1	143.5
3.230	9.239	-0.260	3.002	0.366	0.000	-0.061	-5.6	-72.1	143.5
3.240	9.245	-0.299	2.934	0.305	0.000	0.061	-5.6	-72.2	143.5
3.250	9.245	-0.294	2.963	0.305	-0.061	0.000	-5.6	-72.2	143.5
3.260	9.197	-0.311	2.970	0.244	0.061	-0.122	-5.6	-72.2	143.5
3.270	9.219	-0.326	2.972	0.122	0.000	0.061	-5.6	-72.2	143.5
3.280	9.207	-0.300	2.976	0.122	-0.122	-0.061	-5.6	-72.2	143.5
3.290	9.197	-0.302	2.953	-0.061	0.122	-0.061	-5.6	-72.2	143.5
3.300	9.206	-0.218	2.976	-0.122	0.305	-0.122	-5.6	-72.2	143.5
3.310	9.233	-0.264	2.878	0.000	0.488	-0.061	-5.6	-72.2	143.5
3.320	9.210	-0.260	2.951	0.122	0.793	0.061	-5.6	-72.2	143.5
3.330	9.213	-0.290	2.935	0.122	0.549	0.061	-5.6	-72.2	143.5
3.340	9.200	-0.315	2.926	0.000	0.427	0.000	-5.6	-72.2	143.5
3.350	9.186	-0.349	2.971	-0.061	0.305	-0.122	-5.6	-72.2	143.5
3.360	9.213	-0.356	2.912	-0.122	0.427	-0.183	-5.6	-72.2	143.5
3.370	9.241	-0.321	2.989	-0.122	0.610	-0.122	-5.6	-72.2	143.5
3.380	9.227	-0.329	2.947	-0.122	0.549	-0.122	-5.6	-72.2	143.5
3.390	9.229	-0.293	2.946	0.122	0.488	-0.122	-5.6	-72.2	143.5
3.400	9.170	-0.335	2.966	0.244	0.366	-0.061	-5.6	-72.2	143.5
3.410	9.156	-0.338	2.955	0.366	0.183	0.000	-5.6	-72.2	143.5
3.420	9.223	-0.379	2.954	0.244	0.122	0.000	-5.6	-72.2	143.5
3.430	9.174	-0.326	2.948	0.305	0.061	-0.061	-5.6	-72.2	143.5
3.440	9.168	-0.295	2.977	0.244	0.122	-0.061	-5.6	-72.2	143.5
3.450	9.243	-0.228	2.965	0.183	0.366	0.061	-5.6	-72.2	143.5
3.460	9.215	-0.250	2.929	0.061	0.427	0.183	-5.6	-72.2	143.5
3.470	9.206	-0.290	2.955	0.122	0.549	0.122	-5.6	-72.2	143.5
3.480	9.173	-0.240	2.932	0.000	0.366	0.122	-5.6	-72.2	143.5
3.490	9.179	-0.314	2.983	0.122	0.244	0.061	-5.6	-72.2	143.5
3.500	9.193	-0.307	2.930	0.122	0.122	0.000	-5.6	-72.2	143.5
3.510	9.205	-0.315	2.906	0.244	0.122	-0.061	-5.6	-72.2	143.5
3.520	9.221	-0.326	2.942	0.244	0.061	-0.305	-5.6	-72.2	143.5
3.530	9.178	-0.343	2.970	0.366	-0.061	-0.366	-5.6	-72.2	143.5
3.540	9.184	-0.329	2.982	0.366	-0.183	-0.244	-5.6	-72.2	143.5
3.550	9.210	-0.323	2.978	0.366	-0.244	-0.122	-5.6	-72.2	143.5
3.560	9.191	-0.324	2.979	0.366	-0.244	0.000	-5.6	-72.2	143.5
3.570	9.179	-0.354	2.861	0.427	-0.549	-0.061	-5.6	-72.2	143.5
3.580	9.207	-0.354	2.839	0.549	-0.854	-0.061	-5.6	-72.3	143.5
3.590	9.212	-0.387	2.802	0.732	-1.160	0.061	-5.6	-72.3	143.5
3.600	9.230	-0.439	2.875	0.977	-1.526	0.061	-5.6	-72.3	143.5
3.610	9.276	-0.441	2.823	1.282	-2.197	-0.061	-5.7	-72.3	143.5
3.620	9.279	-0.388	2.809	1.221	-2.441	-0.244	-5.7	-72.4	143.6
3.630	9.231	-0.329	2.795	0.916	-2.380	-0.488	-5.7	-72.4	143.6
3.640	9.222	-0.223	2.789	0.488	-2.014	-0.488	-5.7	-72.4	143.6
3.650	9.185	-0.256	2.748	0.427	-1.526	-0.244	-5.7	-72.5	143.6
3.660	9.124	-0.266	2.705	0.427	-0.977	0.000	-5.7	-72.5	143.6
3.670	9.107	-0.347	2.582	0.366	-0.977	-0.061	-5.7	-72.5	143.6
3.680	9.127	-0.312	2.594	0.366	-1.709	-0.061	-5.7	-72.5	143.6
3.690	9.148	-0.329	2.590	0.366	-2.502	-0.122	-5.7	-72.6	143.6
3.700	9.225	-0.412	2.565	0.671	-2.991	0.000	-5.7	-72.6	143.6
3.710	9.307	-0.429	2.511	1.099	-3.418	0.000	-5.7	-72.7	143.6
3.720	9.332	-0.353	2.612	1.526	-3.845	0.000	-5.7	-72.7	143.7
3.730	9.337	-0.324	2.529	1.831	-4.517	-0.183	-5.8	-72.8	143.7
3.740	9.376	-0.293	2.538	1.953	-5.127	-0.977	-5.7	-72.9	143.7
3.750	9.320	-0.217	2.455	1.953	-5.676	-2.502	-5.7	-72.9	143.6
3.760	9.283	-0.040	2.264	1.587	-5.188	-4.211	-5.6	-73.0	143.5
3.770	9.284	0.144	2.350	0.610	-2.136	-6.226	-5.3	-73.1	143.3
3.780	9.298	0.224	2.319	0.366	-0.061	-8.057	-5.0	-73.1	143.0
3.790	9.491	0.291	2.209	0.244	0.061	-9.094	-4.7	-73.2	142.6
3.800	9.589	0.229	2.214	-0.061	0.061	-8.911	-4.3	-73.2	142.2
3.810	9.618	0.081	2.151	0.061	0.244	-8.362	-4.0	-73.2	141.9
3.820	9.555	-0.100	2.125	0.549	1.282	-7.324	-3.7	-73.3	141.6
3.830	9.567	-0.264	2.271	1.038	1.343	-6.348	-3.4	-73.3	141.4
3.840	9.649	-0.397	2.248	1.404	0.488	-4.883	-3.3	-73.3	141.2
3.850	9.765	-0.449	2.139	1.526	-0.549	-3.418	-3.2	-73.4	141.1
3.860	9.744	-0.514	2.082	1.282	-1.038	-2.136	-3.1	-73.4	141.1
3.870	9.642	-0.563	2.128	1.343	-1.648	-1.343	-3.1	-73.5	141.1
3.880	9.557	-0.512	2.106	1.343	-1.770	-0.916	-3.2	-73.5	141.1
3.890	9.449	-0.452	2.103	0.854	-0.854	-0.610	-3.2	-73.6	141.1
3.900	9.448	-0.324	2.145	0.366	0.610	-0.244	-3.2	-73.6	141.2
3.910	9.348	-0.290	2.092	-0.366	1.831	0.244	-3.3	-73.6	141.2
3.920	9.278	-0.247	2.187	-1.099	2.808	1.038	-3.3	-73.6	141.2
3.930	9.142	-0.272	2.067	-1.770	2.930	1.892	-3.4	-73.6	141.3
3.940	9.015	-0.199	1.963	-1.953	2.686	2.441	-3.5	-73.6	141.4
3.950	8.912	-0.270	1.989	-2.380	2.075	2.991	-3.7	-73.6	141.5
3.960	9.021	-0.289	2.091	-3.052	0.549	3.235	-3.8	-73.6	141.6
3.970	9.292	-0.271	2.188	-4.456	-1.038	3.357	-4.0	-73.7	141.8
3.980	9.599	-0.147	2.344	-5.432	-1.465	4.028	-4.2	-73.7	141.9
3.990	9.772	-0.039	2.328	-6.226	-0.610	4.761	-4.4	-73.7	142.1
4.000	9.766	-0.234	2.481	-6.775	1.526	5.432	-4.7	-73.8	142.3
4.010	9.582	-0.380	2.717	-6.531	3.418	5.310	-4.9	-73.7	142.5
4.020	9.351	-0.420	2.892	-6.226	3.418	5.127	-5.2	-73.7	142.7
4.030	9.213	-0.463	2.922	-6.714	3.845	5.310	-5.4	-73.7	142.8
4.040	9.154	-0.500	2.803	-7.813	5.859	6.165	-5.7	-73.6	143.1
4.050	9.029	-0.557	2.671	-8.728	9.705	7.874	-6.1	-73.5	143.3
4.060	8.830	-0.477	2.539	-8.484	13.489	10.254	-6.5	-73.4	143.7
4.070	8.548	-0.543	2.356	-7.813	16.174	12.939	-6.9	-73.2	144.0
4.080	8.438	-0.556	2.349	-7.263	16.541	15.808	-7.5	-73.0	144.5
4.090	8.386	-0.732	2.417	-7.385	16.296	18.250	-8.1	-72.9	145.1
4.100	8.526	-0.830	2.734	-7.690	15.747	20.447	-8.8	-72.7	145.7
4.110	9.082	-0.859	2.991	-7.568	13.611	21.851	-9.5	-72.5	146.4
4.120	9.583	-0.891	3.277	-7.141	11.597	22.339	-10.3	-72.3	147.1
4.130	10.051	-0.779	3.242	-6.836	10.986	22.034	-11.0	-72.2	147.8
4.140	9.683	-0.196	3.255	-5.005	13.733	22.278	-11.6	-72.0	148.4
4.150	9.392	-0.209	2.972	-1.831	18.555	24.841	-12.2	-71.8	149.0
4.160	8.721	-0.171	2.593	-1.404	21.423	27.466	-12.8	-71.6	149.6
4.170	7.837	-0.072	2.230	-0.427	23.376	31.128	-13.5	-71.3	150.3
4.180	7.863	0.269	2.076	-1.526	17.944	33.203	-14.3	-71.0	151.1
4.190	9.023	0.018	1.496	-0.671	10.254	32.654	-15.0	-70.9	151.9
4.200	9.055	0.285	0.777	-1.221	11.719	32.715	-15.8	-70.8	152.7
4.210	10.590	-0.329	1.761	-8.057	10.986	32.410	-16.6	-70.7	153.6
4.220	10.667	0.001	1.231	-4.028	11.169	29.602	-17.4	-70.6	154.3
4.230	11.066	-0.252	1.964	-5.493	16.541	29.480	-18.0	-70.5	155.0
4.240	10.895	-0.804	2.510	-6.958	17.944	26.428	-18.7	-70.3	155.5
4.250	10.759	-1.193	2.612	-5.249	12.817	21.118	-19.2	-70.1	156.0
4.260	10.632	-1.125	2.655	-2.991	11.292	16.296	-19.6	-70.0	156.4
4.270	10.375	-0.975	2.693	2.197	15.869	13.733	-19.9	-69.9	156.7
4.280	10.322	-0.934	2.582	5.798	17.822	12.512	-20.0	-69.7	156.9
4.290	10.183	-0.888	2.434	8.484	18.555	11.475	-20.0	-69.5	157.0
4.300	10.399	-0.822	2.220	10.437	17.761	10.254	-20.0	-69.4	157.1
4.310	10.551	-0.913	2.106	10.986	18.250	8.423	-20.0	-69.3	157.2
4.320	10.450	-0.524	2.029	11.292	20.020	6.592	-19.9	-69.1	157.2
4.330	10.170	-0.032	1.761	10.376	20.264	5.249	-19.7	-69.0	157.1
4.340	9.866	0.291	1.805	7.874	22.156	5.066	-19.5	-68.9	157.0
4.350	9.668	0.382	1.981	5.798	24.353	5.066	-19.3	-68.7	156.8
4.360	9.314	0.420	2.071	2.014	24.780	4.395	-19.0	-68.6	156.6
4.370	9.158	0.472	1.976	1.892	24.292	3.235	-18.7	-68.4	156.3
4.380	9.131	0.455	1.819	0.854	24.963	2.075	-18.5	-68.3	156.1
4.390	9.108	0.297	2.013	-2.808	26.184	1.648	-18.2	-68.1	155.8
4.400	9.229	0.381	2.118	-2.869	24.292	1.160	-18.0	-67.9	155.5
4.410	9.559	0.265	2.077	-2.808	23.315	1.038	-17.8	-67.8	155.3
4.420	9.761	0.290	1.780	-3.174	23.376	1.465	-17.6	-67.7	155.0
4.430	9.655	0.350	1.408	-3.540	23.926	1.404	-17.4	-67.5	154.8
4.440	9.568	0.790	1.914	-10.376	22.766	0.183	-17.2	-67.4	154.5
4.450	9.557	0.871	1.833	-11.414	23.499	-2.014	-17.0	-67.3	154.2
4.460	9.631	0.892	1.629	-15.930	22.034	-5.005	-16.7	-67.2	153.7
4.470	9.825	0.949	1.503	-20.996	20.813	-9.216	-16.4	-67.1	153.3
4.480	9.829	0.731	1.359	-25.696	19.836	-13.611	-16.1	-67.1	152.7
4.490	9.756	0.711	1.293	-33.813	17.944	-16.174	-15.8	-67.1	152.0
4.500	9.589	0.865	1.323	-31.921	17.151	-17.822	-15.5	-67.1	151.4
4.510	9.298	0.936	1.713	-29.358	15.747	-16.602	-15.2	-67.1	150.7
4.520	9.119	0.809	2.286	-26.306	9.644	-12.939	-14.9	-67.2	150.1
4.530	8.933	0.698	3.163	-21.729	3.906	-7.324	-14.8	-67.2	149.7
4.540	9.319	0.232	4.616	-15.869	-7.324	-2.747	-14.8	-67.3	149.5
4.550	10.986	-1.717	6.582	-6.775	-20.996	-2.197	-14.8	-67.4	149.5
4.560	13.589	-5.637	5.393	6.653	-29.419	-3.845	-15.0	-67.6	149.7
4.570	13.342	-5.929	2.334	21.790	-28.259	-8.606	-15.4	-67.9	150.2
4.580	10.505	-3.993	3.080	32.776	-14.221	-6.897	-15.5	-68.1	150.6
4.590	9.382	-2.840	4.435	40.955	-24.231	-9.094	-15.4	-68.4	150.9
4.600	9.606	-1.193	3.844	43.457	-41.504	-14.404	-15.0	-68.7	150.9
4.610	9.635	0.030	3.723	39.795	-35.095	-13.367	-14.5	-69.1	150.8
4.620	9.380	0.741	4.490	31.616	-20.996	-6.775	-14.0	-69.4	150.6
4.630	9.152	0.947	6.004	27.710	-14.343	0.305	-13.5	-69.5	150.4
4.640	9.362	-0.251	6.676	29.480	-14.771	4.639	-13.1	-69.5	150.4
4.650	9.392	-1.842	6.189	30.334	-13.916	2.930	-12.9	-69.5	150.5
4.660	9.449	-2.622	5.760	27.466	-14.465	-5.188	-12.7	-69.6	150.6
4.670	8.921	-2.888	5.029	25.757	-14.099	-15.381	-12.4	-69.6	150.5
4.680	8.400	-2.350	4.366	26.489	-11.047	-22.095	-11.9	-69.7	150.2
4.690	8.224	-1.483	3.781	28.442	-8.789	-24.292	-11.2	-69.8	149.7
4.700	8.492	-0.701	3.546	30.945	-9.949	-24.719	-10.4	-69.9	149.1
4.710	8.240	0.053	3.431	35.339	-9.033	-21.790	-9.4	-70.0	148.5
4.720	8.332	-0.069	3.629	37.659	-11.658	-15.625	-8.6	-70.1	147.9
4.730	8.858	-0.003	4.051	41.016	-16.724	-9.521	-7.8	-70.3	147.6
4.740	9.259	-0.762	3.830	44.861	-21.118	-3.601	-7.3	-70.5	147.5
4.750	9.045	-1.174	3.653	44.373	-18.616	0.854	-7.0	-70.6	147.6
4.760	8.623	-2.043	3.768	42.419	-15.320	3.723	-6.8	-70.8	147.9
4.770	8.273	-2.267	3.617	39.246	-16.052	5.249	-6.8	-70.9	148.3
4.780	7.957	-2.542	3.200	41.443	-17.700	6.165	-6.9	-71.0	148.8
4.790	8.267	-2.043	2.976	36.621	-19.470	8.240	-7.1	-71.2	149.4
4.800	8.259	-1.801	2.886	38.025	-19.409	9.949	-7.3	-71.4	150.0
4.810	8.075	-1.521	2.523	37.598	-16.724	11.597	-7.5	-71.5	150.6
4.820	8.402	-1.095	2.608	39.124	-16.357	11.963	-7.7	-71.7	151.2
4.830	8.480	-0.891	2.344	39.612	-15.625	11.658	-7.8	-71.8	151.7
4.840	8.537	-0.762	2.191	40.771	-14.893	11.169	-7.9	-72.0	152.2
4.850	8.179	-0.550	1.994	40.161	-12.512	11.108	-8.0	-72.1	152.6
4.860	8.067	-0.564	2.462	39.917	-12.329	10.010	-8.0	-72.2	153.1
4.870	7.929	-0.314	2.515	39.978	-14.954	8.301	-7.9	-72.4	153.4
4.880	7.993	-0.370	2.556	37.415	-17.517	7.263	-7.9	-72.6	153.8
4.890	8.147	-0.098	2.683	36.560	-22.034	4.639	-7.8	-72.8	154.0
4.900	8.328	-0.141	1.813	33.691	-23.193	5.493	-7.7	-73.0	154.3
4.910	8.043	0.310	1.843	31.921	-17.029	7.690	-7.6	-73.2	154.6
4.920	8.135	0.443	1.560	28.687	-17.639	8.362	-7.6	-73.4	154.9
4.930	7.919	0.818	1.617	28.259	-14.771	9.338	-7.6	-73.6	155.2
4.940	8.040	0.034	1.322	31.555	-12.451	10.376	-7.5	-73.7	155.4
4.950	8.013	0.225	1.639	29.968	-9.827	10.254	-7.6	-73.9	155.8
4.960	7.836	-0.654	1.731	32.471	-6.470	10.071	-7.6	-74.0	156.2
4.970	7.457	-0.841	2.049	34.668	-4.272	10.376	-7.7	-74.0	156.6
4.980	7.747	-1.365	2.116	36.194	-5.310	11.658	-7.9	-74.1	157.2
4.990	7.899	-1.791	1.829	37.415	-8.728	12.878	-8.2	-74.1	157.9
5.000	8.524	-1.799	1.569	38.696	-13.794	12.939	-8.6	-74.2	158.7
5.010	8.562	-1.196	1.043	35.034	-16.296	14.282	-9.0	-74.4	159.5
5.020	9.227	-0.815	1.268	32.532	-14.832	16.235	-9.5	-74.6	160.3
5.030	9.684	-0.451	0.955	32.593	-16.541	16.968	-10.0	-74.8	161.1
5.040	10.154	0.011	0.493	28.076	-18.372	17.090	-10.5	-75.0	161.9
5.050	10.250	0.347	0.521	26.306	-12.817	17.090	-10.9	-75.2	162.7
5.060	10.399	0.452	0.819	24.475	-8.484	15.869	-11.3	-75.4	163.3
5.070	10.430	0.620	0.912	22.766	-6.897	13.184	-11.5	-75.5	163.8
5.080	10.323	0.734	0.853	21.423	-4.822	10.498	-11.6	-75.6	164.1
5.090	10.194	0.701	0.905	20.142	-2.502	8.179	-11.6	-75.7	164.3
5.100	9.964	0.563	0.859	18.372	-0.977	6.287	-11.6	-75.8	164.5
5.110	9.877	0.128	1.077	16.296	-0.366	4.944	-11.5	-75.9	164.6
5.120	9.836	-0.384	0.961	14.221	-1.770	3.845	-11.5	-76.0	164.7
5.130	10.089	-0.847	0.958	11.902	-5.554	2.197	-11.6	-76.1	164.9
5.140	10.023	-1.208	1.165	7.019	-7.507	-1.160	-11.7	-76.2	165.1
5.150	10.015	-1.029	1.639	1.038	-11.475	-6.348	-11.7	-76.4	165.2
5.160	10.361	-0.299	0.834	-2.319	-20.813	-11.108	-11.6	-76.6	165.0
5.170	10.725	1.067	-0.193	-3.906	-23.193	-13.000	-11.3	-76.9	164.6
5.180	10.638	2.012	-0.208	-6.714	-11.719	-10.925	-10.7	-77.3	164.0
5.190	10.242	2.080	0.741	-6.165	2.258	-6.226	-10.0	-77.4	163.3
5.200	9.759	0.754	2.957	-5.615	11.230	1.160	-9.5	-77.4	162.7
5.210	9.509	-2.641	7.141	-5.737	10.132	13.000	-9.8	-77.2	163.0
5.220	9.731	-4.983	12.711	-12.878	-11.719	25.879	-11.3	-76.9	164.3
5.230	12.515	-3.011	11.191	-18.616	-55.115	41.687	-13.8	-76.8	166.7
5.240	14.975	1.263	3.857	-15.991	-71.716	62.012	-17.0	-77.0	169.8
5.250	12.574	0.710	-0.245	-17.700	-19.592	71.350	-20.3	-77.2	173.0
5.260	8.197	0.865	4.157	-5.981	35.950	62.378	-22.4	-76.8	175.1
5.270	7.982	-0.065	6.939	1.709	29.175	51.147	-23.5	-76.2	176.2
5.280	10.646	-0.179	5.479	5.066	7.874	39.185	-24.3	-75.8	177.2
5.290	11.513	-0.599	3.348	5.310	0.244	26.489	-25.0	-75.5	177.9
5.300	12.123	-0.669	1.865	-2.258	4.272	17.090	-25.5	-75.4	178.5
5.310	12.576	-1.152	3.461	-14.160	24.963	11.169	-25.6	-75.3	178.5
5.320	12.969	-1.315	3.640	-17.761	27.100	2.075	-25.5	-75.0	178.2
5.330	12.493	-0.561	3.313	-18.066	27.771	-4.761	-25.0	-74.7	177.5
5.340	11.076	-0.171	3.197	-20.996	32.593	-7.813	-24.4	-74.5	176.6
5.350	9.811	0.358	3.701	-21.118	32.898	-8.118	-23.6	-74.2	175.6
5.360	8.887	0.373	3.579	-19.226	27.161	-7.690	-22.9	-74.0	174.7
5.370	8.562	0.523	3.182	-17.639	18.738	-7.263	-22.3	-73.8	173.9
5.380	8.700	0.080	2.791	-16.907	15.564	-8.362	-21.8	-73.7	173.2
5.390	8.540	0.474	1.875	-19.836	15.686	-8.301	-21.3	-73.6	172.5
5.400	7.848	0.923	1.638	-24.109	23.926	-4.578	-20.9	-73.4	171.9
5.410	7.523	0.840	1.960	-26.672	28.992	-1.831	-20.5	-73.2	171.2
5.420	7.941	-0.248	2.122	-26.794	24.597	-4.333	-20.2	-73.0	170.6
5.430	7.250	-0.567	1.955	-32.532	21.606	-9.277	-20.0	-72.9	170.1
5.440	7.128	-0.527	1.859	-31.738	15.625	-16.174	-19.7	-72.8	169.4
5.450	7.224	-0.750	1.362	-32.898	12.512	-21.729	-19.2	-72.7	168.6
5.460	7.023	-0.605	1.781	-34.241	18.555	-23.193	-18.8	-72.7	167.7
5.470	8.079	-0.944	1.652	-33.508	13.733	-24.536	-18.3	-72.6	166.8
5.480	7.295	-0.998	1.213	-32.654	20.569	-24.414	-17.7	-72.6	165.9
5.490	6.349	-1.251	1.426	-33.386	26.184	-21.118	-17.2	-72.4	165.1
5.500	5.852	-1.086	1.995	-32.776	28.687	-19.836	-16.8	-72.2	164.2
5.510	6.335	-1.542	2.179	-31.433	27.405	-22.400	-16.3	-72.0	163.4
5.520	6.894	-1.556	1.988	-34.180	23.010	-26.306	-15.8	-71.8	162.5
5.530	7.450	-1.000	1.762	-34.241	19.959	-29.724	-15.3	-71.7	161.5
5.540	7.975	-0.459	1.286	-32.471	18.066	-30.457	-14.6	-71.7	160.5
5.550	8.695	-0.368	1.013	-30.151	16.663	-29.785	-13.9	-71.6	159.5
5.560	9.193	-0.071	0.734	-27.527	14.404	-28.687	-13.3	-71.6	158.5
5.570	9.620	0.071	0.099	-25.940	9.399	-26.794	-12.7	-71.7	157.5
5.580	9.497	-0.114	-0.489	-25.757	3.967	-24.658	-12.1	-71.9	156.7
5.590	9.395	-0.052	-0.484	-24.292	2.625	-21.240	-11.7	-72.0	156.0
5.600	9.083	-0.335	-0.326	-23.193	2.502	-16.663	-11.4	-72.2	155.4
5.610	8.834	-0.077	0.054	-22.217	1.465	-13.733	-11.3	-72.3	155.0
5.620	8.996	0.180	0.972	-20.630	-1.709	-12.756	-11.1	-72.5	154.6
5.630	9.045	0.631	1.458	-16.174	-4.822	-11.719	-10.8	-72.6	154.2
5.640	9.219	1.207	1.940	-14.526	-8.118	-5.371	-10.6	-72.8	153.8
5.650	9.691	0.715	2.475	-12.817	-12.390	2.380	-10.6	-72.9	153.7
5.660	11.132	-0.873	6.058	-17.456	-18.188	6.897	-11.0	-73.1	153.9
5.670	13.387	-3.862	9.619	-2.136	-24.658	-0.061	-11.4	-73.1	154.2
5.680	15.092	-5.642	10.936	16.602	-28.503	-13.489	-11.5	-73.2	154.4
5.690	15.486	-6.037	9.228	33.752	-32.166	-29.724	-11.1	-73.2	154.2
5.700	12.552	-5.147	6.555	48.401	-31.738	-37.537	-10.3	-73.4	153.8
5.710	10.411	-2.737	6.527	63.721	-17.822	-37.598	-9.1	-73.5	153.2
5.720	8.994	-0.302	4.299	53.894	-15.442	-38.330	-7.5	-73.6	152.1
5.730	8.226	2.750	2.724	33.020	-14.038	-41.321	-5.7	-73.8	150.6
5.740	6.953	3.608	4.118	15.015	-0.732	-37.537	-3.6	-73.8	148.7
5.750	6.824	3.786	5.749	7.629	4.272	-31.677	-1.8	-73.7	146.9
5.760	7.559	3.581	6.440	4.333	-1.770	-26.001	-0.2	-73.6	145.3
5.770	9.623	1.614	5.862	5.127	-21.912	-24.597	1.2	-73.5	144.0
5.780	12.195	-1.139	6.017	10.132	-32.654	-26.733	2.3	-73.7	142.9
5.790	13.396	-2.496	4.289	15.076	-40.466	-32.654	3.3	-74.0	142.0
5.800	13.875	-2.505	2.529	16.724	-34.790	-35.461	4.3	-74.4	141.1
5.810	13.210	-2.437	2.449	16.785	-10.559	-32.898	5.3	-74.6	140.2
5.820	10.835	-1.346	3.125	20.020	11.780	-28.076	6.1	-74.6	139.5
5.830	9.708	-0.172	3.603	20.264	8.118	-23.010	6.9	-74.4	138.9
5.840	9.296	0.004	3.306	16.968	-1.953	-16.296	7.7	-74.4	138.3
5.850	8.878	-0.039	3.915	14.709	-8.545	-9.033	8.2	-74.4	137.9
5.860	8.929	-0.397	3.128	15.625	-16.296	-2.075	8.4	-74.5	137.8
5.870	8.164	-0.969	2.241	16.113	-14.832	3.357	8.5	-74.6	137.9
5.880	7.778	-1.619	2.386	16.846	-11.230	8.057	8.2	-74.8	138.3
5.890	7.325	-2.367	2.058	17.944	-12.634	11.719	7.7	-74.9	139.0
5.900	7.599	-3.132	2.199	18.982	-16.418	15.320	6.9	-75.1	140.0
5.910	7.733	-2.924	1.663	20.752	-22.156	17.578	6.0	-75.3	141.1
5.920	8.428	-2.484	1.408	20.874	-25.513	20.447	5.0	-75.6	142.3
5.930	8.153	-1.613	0.976	26.001	-21.362	23.804	4.0	-75.9	143.5
5.940	7.868	-1.307	0.628	27.954	-15.991	25.879	3.0	-76.2	144.8
5.950	7.360	-0.408	0.688	28.931	-12.024	26.001	2.1	-76.4	146.1
5.960	6.508	-0.116	0.640	28.442	-9.216	25.940	1.2	-76.5	147.2
5.970	6.851	0.133	1.209	26.611	-13.123	23.315	0.5	-76.7	148.3
5.980	6.597	0.239	0.806	26.672	-17.334	23.132	-0.2	-76.9	149.3
5.990	6.649	0.882	0.730	24.719	-19.287	23.132	-0.9	-77.1	150.2
6.000	6.933	0.940	0.741	26.001	-20.630	21.362	-1.4	-77.3	151.0
6.010	7.261	1.306	1.016	19.531	-20.935	19.287	-1.9	-77.6	151.8
6.020	7.013	1.080	0.856	22.461	-16.602	17.029	-2.3	-77.8	152.4
6.030	7.146	0.885	1.477	16.724	-9.949	15.015	-2.6	-77.9	152.9
6.040	7.501	0.105	1.562	23.193	-4.456	11.719	-2.8	-78.0	153.4
6.050	7.715	-0.130	1.998	20.630	-0.183	8.789	-3.1	-78.0	153.8
6.060	8.158	-1.082	1.663	27.161	6.348	7.202	-3.2	-77.9	154.2
6.070	8.706	-1.183	1.569	25.574	11.169	7.996	-3.5	-77.8	154.7
6.080	9.346	-1.263	0.953	28.442	15.625	10.132	-3.8	-77.7	155.3
6.090	9.616	-1.049	0.115	28.015	18.555	13.306	-4.3	-77.6	156.1
6.100	9.810	-0.958	-0.663	27.893	19.043	15.686	-4.8	-77.5	156.9
6.110	9.792	-0.918	-0.860	22.522	16.418	14.893	-5.4	-77.4	157.8
6.120	9.449	-0.836	-0.512	15.259	9.644	10.559	-5.9	-77.4	158.5
6.130	9.243	-0.701	-0.160	9.155	-3.540	4.333	-6.3	-77.5	158.9
6.140	9.049	-0.434	0.555	3.601	-11.475	-2.197	-6.4	-77.7	159.1
6.150	8.627	-0.653	1.177	-1.770	-20.935	-10.376	-6.2	-78.0	158.8
6.160	8.416	-0.203	1.384	-6.714	-34.363	-21.179	-5.6	-78.3	158.2
6.170	9.118	2.062	0.452	-12.390	-39.001	-28.137	-4.5	-78.8	156.9
6.180	10.458	3.858	0.578	-22.461	-12.573	-21.362	-2.9	-79.1	155.1
6.190	10.363	3.056	1.369	-19.653	17.517	-8.301	-1.6	-79.0	153.6
6.200	8.725	0.688	2.710	-11.108	22.278	1.648	-1.1	-78.8	153.0
6.210	7.862	-1.994	8.400	-17.395	7.629	13.550	-1.7	-78.6	153.5
6.220	9.016	-4.625	14.283	-32.227	-32.410	35.950	-4.1	-78.4	155.6
6.230	14.825	-1.637	13.823	-46.204	-82.764	70.679	-8.4	-78.5	159.5
6.240	17.493	1.575	3.820	-42.542	-85.327	105.957	-14.2	-78.8	164.9
6.250	13.119	1.800	-2.324	-30.334	-20.325	108.032	-20.1	-79.0	170.7
6.260	11.798	1.146	6.655	-33.142	49.255	98.816	-24.2	-78.4	174.4
6.270	11.393	-1.623	7.214	-5.310	44.312	83.740	-26.3	-77.5	176.5
6.280	13.027	-4.866	6.398	4.883	6.287	56.335	-28.2	-76.8	178.5
6.290	15.889	-5.532	5.041	8.423	-20.081	24.658	-29.9	-76.6	-179.6
6.300	17.099	-4.378	3.136	9.460	-15.015	2.136	-30.9	-76.6	-178.5
6.310	14.885	-1.163	0.164	6.775	10.315	-7.996	-31.0	-76.6	-178.4
6.320	13.079	0.565	2.130	1.099	47.424	-6.836	-29.9	-76.5	-179.5
6.330	10.777	0.917	5.043	0.732	55.237	-8.484	-28.1	-76.1	178.7
6.340	9.247	2.268	4.332	0.000	38.574	-13.916	-26.3	-75.7	176.8
6.350	9.423	2.769	3.244	-7.813	24.109	-16.968	-24.6	-75.5	175.1
6.360	8.742	2.514	2.345	-18.677	18.433	-18.982	-23.1	-75.4	173.5
6.370	8.398	2.193	2.581	-26.978	17.822	-18.066	-21.9	-75.4	172.0
6.380	8.541	1.884	1.993	-32.227	19.714	-16.541	-20.9	-75.3	170.6
6.390	8.519	1.927	1.921	-38.208	23.560	-15.015	-20.0	-75.2	169.3
6.400	8.304	2.264	1.530	-41.626	26.855	-13.062	-19.1	-75.1	168.0
6.410	7.808	1.533	1.654	-43.762	30.029	-12.939	-18.3	-74.9	166.8
6.420	7.558	0.689	2.047	-45.776	26.550	-16.602	-17.6	-74.7	165.6
6.430	7.691	-0.201	1.648	-45.349	18.799	-22.034	-17.0	-74.6	164.5
6.440	8.031	-1.387	1.122	-47.791	13.245	-26.733	-16.4	-74.5	163.4
6.450	7.083	-1.790	0.178	-46.387	19.653	-27.954	-16.0	-74.5	162.4
6.460	6.754	-1.994	0.847	-42.908	32.959	-26.367	-15.5	-74.3	161.4
6.470	6.080	-2.127	0.768	-41.321	32.654	-25.879	-15.0	-74.1	160.5
6.480	5.669	-2.104	0.760	-35.889	33.569	-24.109	-14.6	-73.9	159.6
6.490	5.196	-2.034	0.845	-32.532	35.217	-20.569	-14.2	-73.6	158.8
6.500	5.144	-1.564	1.211	-29.846	32.532	-16.968	-13.9	-73.3	158.2
6.510	5.504	-1.400	1.207	-26.855	30.945	-13.916	-13.6	-73.1	157.6
6.520	5.871	-0.994	1.043	-25.574	30.396	-12.268	-13.4	-72.8	157.1
6.530	6.834	-0.494	1.055	-26.794	25.696	-12.817	-13.2	-72.6	156.6
6.540	7.729	-0.202	0.889	-25.513	24.475	-13.977	-12.9	-72.5	155.9
6.550	8.377	0.073	0.840	-26.611	25.940	-14.709	-12.5	-72.3	155.3
6.560	8.890	0.147	0.662	-27.832	23.193	-15.381	-12.1	-72.2	154.6
6.570	9.161	0.139	0.464	-28.198	17.822	-15.747	-11.8	-72.2	153.9
6.580	9.289	0.231	0.103	-28.931	9.094	-14.709	-11.5	-72.2	153.3
6.590	9.114	0.575	0.130	-30.029	4.333	-12.207	-11.3	-72.3	152.8
6.600	8.735	0.796	0.640	-30.823	4.944	-9.216	-11.2	-72.4	152.4
6.610	8.550	0.994	1.588	-30.945	4.578	-6.897	-11.1	-72.4	152.0
6.620	8.581	0.858	2.019	-31.982	-2.197	-3.357	-11.1	-72.5	151.6
6.630	8.676	0.266	2.137	-35.339	-14.099	4.211	-11.4	-72.7	151.6
6.640	8.652	-1.642	1.155	-33.997	-23.987	13.367	-12.2	-72.9	152.1
6.650	9.421	-2.252	1.366	-35.828	-31.372	15.259	-13.5	-73.2	153.1
6.660	10.590	-2.964	4.196	-27.771	-26.428	3.906	-14.6	-73.5	153.9
6.670	11.315	-2.398	7.119	-19.836	-17.639	-16.296	-14.9	-73.6	153.9
6.680	12.502	-1.392	9.794	-17.944	-25.513	-39.246	-14.2	-73.7	153.0
6.690	14.103	-0.540	11.718	1.953	-44.739	-56.580	-12.6	-73.9	151.3
6.700	16.025	-3.385	10.158	39.612	-38.696	-60.120	-10.3	-74.2	149.2
6.710	12.919	-4.106	7.362	39.063	-17.944	-56.335	-8.4	-74.3	147.6
6.720	10.219	-2.788	6.912	35.217	-11.169	-50.781	-6.7	-74.3	146.2
6.730	7.783	-0.928	4.885	26.672	-12.695	-50.232	-4.9	-74.3	144.7
6.740	7.888	0.226	4.634	18.066	-18.738	-51.697	-3.0	-74.4	142.9
6.750	7.693	1.658	3.804	13.611	-19.104	-47.241	-1.0	-74.5	141.0
6.760	9.644	1.833	3.903	11.963	-27.283	-37.415	0.9	-74.7	139.1
6.770	11.708	0.994	4.172	18.372	-24.902	-21.912	2.3	-74.9	137.9
6.780	13.912	-0.888	4.564	26.245	-22.156	-6.531	3.0	-75.1	137.4
6.790	15.361	-2.903	3.281	32.104	-31.067	-4.089	3.2	-75.3	137.4
6.800	14.928	-3.851	2.131	37.842	-18.555	-8.118	3.3	-75.6	137.7
6.810	11.526	-2.945	2.644	41.138	10.010	-10.986	3.5	-75.7	137.9
6.820	8.918	-1.974	4.585	43.396	10.925	-8.484	3.7	-75.5	138.1
6.830	8.402	-0.621	4.625	48.523	-6.042	-6.653	4.1	-75.4	138.1
6.840	9.620	-0.044	3.884	44.434	-16.724	-6.226	4.7	-75.5	138.0
6.850	9.970	0.266	3.391	38.635	-15.381	-5.432	5.4	-75.6	137.7
6.860	10.139	0.662	3.014	35.767	-17.639	-1.953	5.9	-75.8	137.5
6.870	9.783	0.656	2.187	34.851	-18.127	2.563	6.4	-75.9	137.4
6.880	8.824	0.271	1.979	33.813	-12.085	7.690	6.6	-76.1	137.5
6.890	8.068	-0.059	1.720	33.508	-10.620	11.902	6.5	-76.2	137.9
6.900	7.795	-0.493	1.591	33.447	-11.292	13.916	6.3	-76.4	138.5
6.910	7.292	-0.320	1.636	31.738	-12.329	15.381	5.9	-76.5	139.2
6.920	7.429	-1.006	1.433	31.311	-16.541	17.029	5.5	-76.7	140.0
6.930	7.508	-1.287	1.396	27.649	-17.395	19.714	4.8	-76.9	140.9
6.940	7.299	-1.478	0.524	29.663	-21.606	18.799	4.1	-77.2	142.0
6.950	7.017	-1.334	0.554	27.832	-16.235	22.888	3.1	-77.4	143.2
6.960	6.891	-0.670	0.385	31.799	-13.672	24.658	2.1	-77.6	144.6
6.970	6.645	-0.017	-0.015	32.288	-13.550	24.597	1.2	-77.8	145.8
6.980	6.623	0.379	0.461	30.334	-14.832	24.719	0.4	-78.0	147.0
6.990	6.657	0.147	0.119	34.973	-19.409	22.766	-0.3	-78.3	148.1
7.000	6.762	0.509	0.260	32.776	-22.644	21.606	-1.1	-78.5	149.1
7.010	6.953	0.569	0.267	30.701	-26.367	20.142	-1.7	-78.8	150.1
7.020	6.979	0.703	0.603	26.245	-30.457	17.456	-2.3	-79.2	151.0
7.030	7.395	0.509	0.452	27.222	-33.691	14.343	-2.7	-79.5	151.7
7.040	7.858	0.551	0.435	23.010	-30.579	11.963	-3.1	-79.9	152.3
7.050	8.004	0.557	0.869	24.963	-19.531	10.132	-3.4	-80.2	152.9
7.060	8.298	0.209	0.767	27.466	-10.132	9.338	-3.6	-80.3	153.3
7.070	8.444	0.152	1.076	25.085	-2.808	8.606	-3.8	-80.4	153.8
7.080	8.694	-0.409	0.977	30.945	2.380	8.972	-4.0	-80.4	154.3
7.090	8.641	-0.230	0.546	28.564	8.240	11.841	-4.4	-80.3	155.0
7.100	8.514	-0.497	-0.008	26.917	16.968	16.174	-5.0	-80.2	155.9
7.110	8.312	-1.056	0.055	21.179	20.569	19.897	-5.9	-80.1	157.1
7.120	8.107	-1.523	0.547	21.240	20.935	22.034	-7.1	-79.9	158.5
7.130	7.976	-2.450	0.563	21.606	17.334	21.973	-8.4	-79.7	160.0
7.140	7.858	-2.938	1.095	15.564	9.033	16.357	-9.7	-79.6	161.5
7.150	7.648	-3.422	1.846	11.658	-6.531	4.395	-10.7	-79.6	162.6
7.160	8.016	-2.206	2.130	7.324	-33.264	-11.230	-11.2	-79.8	163.2
7.170	9.410	1.086	0.856	9.644	-57.922	-22.705	-10.8	-80.4	162.8
7.180	11.645	3.577	-0.665	6.592	-56.641	-19.348	-9.6	-81.1	161.7
7.190	12.702	3.786	-1.486	5.859	-27.344	-2.991	-8.3	-81.6	160.5
7.200	11.296	2.205	-0.511	10.498	-0.854	12.024	-7.9	-81.8	160.2
7.210	10.524	-2.140	4.142	2.563	7.507	25.024	-8.9	-81.8	161.2
7.220	12.663	-3.374	13.511	-13.794	-24.475	37.231	-12.0	-81.6	164.2
7.230	16.004	-0.054	11.775	-9.949	-100.586	48.157	-16.1	-81.7	168.3
7.240	18.968	2.535	3.895	-17.944	-119.873	66.101	-22.1	-82.4	174.2
7.250	14.600	1.675	-3.744	-18.982	-27.588	76.721	-28.5	-82.7	-179.6
7.260	9.587	1.582	1.296	-17.517	63.477	71.472	-31.7	-82.2	-176.5
7.270	9.161	-0.131	8.608	-11.719	62.805	65.735	-32.5	-81.2	-175.9
7.280	11.489	-0.472	7.542	-5.859	9.827	52.368	-33.4	-80.4	-174.9
7.290	13.811	-2.025	3.304	-2.075	-25.146	38.391	-35.3	-80.2	-173.0
7.300	15.254	-3.006	-0.033	-7.141	-18.433	27.527	-37.7	-80.2	-170.6
7.310	15.512	-2.454	0.576	-17.761	16.418	18.799	-39.2	-80.0	-169.3
7.320	13.073	-0.544	2.052	-21.240	42.786	11.780	-38.9	-79.7	-169.8
7.330	10.773	0.768	3.196	-21.240	46.692	8.362	-37.7	-79.3	-171.3
7.340	9.446	0.479	3.973	-24.231	28.992	1.038	-36.3	-79.0	-172.9
7.350	9.321	0.910	4.050	-23.071	10.742	-6.958	-35.3	-78.8	-174.2
7.360	9.527	1.038	3.106	-24.597	1.160	-8.911	-34.4	-78.8	-175.3
7.370	9.376	1.423	2.331	-25.879	4.578	-6.531	-33.7	-78.9	-176.3
7.380	9.358	1.201	2.138	-24.902	11.475	-2.319	-33.0	-78.8	-177.2
7.390	9.087	1.027	1.734	-23.315	17.334	-1.160	-32.3	-78.8	-178.2
7.400	8.526	0.846	1.790	-21.118	25.024	-1.587	-31.4	-78.6	-179.2
7.410	8.007	0.818	2.023	-18.372	25.574	-3.723	-30.5	-78.4	179.6
7.420	8.055	0.441	2.241	-19.959	21.667	-5.432	-29.5	-78.3	178.4
7.430	8.474	-0.187	1.778	-22.278	15.320	-8.179	-28.7	-78.2	177.4
7.440	8.756	-0.412	1.581	-24.963	14.282	-12.146	-28.1	-78.1	176.5
7.450	8.276	-0.688	1.274	-26.978	17.517	-14.160	-27.4	-78.0	175.5
7.460	7.534	-0.761	1.353	-26.917	21.545	-13.489	-26.6	-77.9	174.5
7.470	7.140	-1.016	1.191	-27.466	22.522	-12.268	-26.0	-77.8	173.5
7.480	7.098	-1.036	1.590	-28.076	22.522	-11.475	-25.4	-77.6	172.7
7.490	7.010	-1.084	1.216	-22.339	20.142	-11.047	-24.9	-77.5	171.8
7.500	7.044	-1.086	1.107	-20.386	20.142	-10.437	-24.4	-77.4	171.1
7.510	7.006	-1.110	1.199	-19.714	21.973	-10.132	-23.9	-77.2	170.4
7.520	6.727	-0.698	1.116	-19.165	22.217	-8.362	-23.4	-77.1	169.7
7.530	7.224	-0.678	1.812	-19.165	22.278	-6.104	-23.0	-76.9	169.1
7.540	8.155	-0.561	1.412	-20.142	13.977	-5.920	-22.7	-76.8	168.6
7.550	8.735	-0.513	1.373	-18.677	14.160	-4.944	-22.5	-76.7	168.1
7.560	9.361	-0.435	1.231	-18.066	16.602	-3.235	-22.3	-76.6	167.7
7.570	9.528	-0.195	0.589	-19.287	18.372	-3.418	-22.0	-76.5	167.3
7.580	9.343	-0.062	0.467	-21.667	24.475	-3.235	-21.8	-76.4	166.8
7.590	8.920	0.148	0.703	-23.987	30.090	-2.502	-21.4	-76.2	166.2
7.600	8.903	0.336	0.718	-25.635	30.640	-2.686	-21.1	-76.0	165.6
7.610	9.003	0.411	0.429	-27.649	32.043	-3.418	-20.7	-75.8	164.9
7.620	8.902	0.478	0.381	-29.785	34.668	-3.601	-20.3	-75.6	164.2
7.630	8.666	0.564	0.445	-31.921	31.555	-4.517	-19.9	-75.4	163.5
7.640	8.382	1.045	0.686	-32.104	23.682	-5.859	-19.5	-75.2	162.8
7.650	8.137	1.409	1.758	-31.372	17.151	-5.554	-19.2	-75.2	162.1
7.660	8.304	0.983	2.521	-29.846	9.827	-4.456	-18.9	-75.1	161.4
7.670	8.295	0.938	2.209	-28.931	1.282	-0.793	-18.7	-75.1	161.0
7.680	8.613	0.256	1.342	-34.546	-3.662	7.019	-19.0	-75.1	161.0
7.690	9.456	-0.228	0.657	-33.020	-7.629	11.536	-19.8	-75.2	161.4
7.700	10.953	-0.994	0.163	-45.776	-8.118	9.583	-20.8	-75.3	162.0
7.710	11.746	-1.443	0.326	-46.326	-6.714	-3.845	-21.5	-75.5	162.3
7.720	12.125	-0.297	1.506	-44.739	-3.784	-19.897	-21.6	-75.7	161.9
7.730	11.919	0.622	2.772	-35.156	0.671	-35.217	-20.8	-75.9	160.6
7.740	11.151	1.392	3.840	-31.067	1.282	-45.654	-19.1	-76.0	158.6
7.750	10.288	1.561	5.660	-29.114	-8.484	-49.622	-17.1	-76.2	156.2
7.760	10.801	-0.312	9.295	-13.794	-15.015	-48.767	-14.9	-76.3	153.8
7.770	13.626	-4.608	10.280	7.874	-25.635	-49.988	-12.9	-76.4	151.9
7.780	14.754	-7.852	8.196	15.198	-28.503	-55.237	-11.6	-76.5	150.6
7.790	12.614	-6.650	6.871	25.879	-17.761	-57.861	-10.3	-76.5	149.4
7.800	9.460	-4.841	5.055	31.128	-2.258	-55.176	-8.7	-76.5	148.0
7.810	7.410	-2.823	4.538	26.611	-6.226	-54.138	-6.8	-76.5	146.4
7.820	7.127	-1.295	3.901	24.414	-16.052	-51.209	-4.9	-76.5	144.6
7.830	8.006	-0.494	3.236	26.367	-18.555	-42.297	-2.9	-76.7	142.8
7.840	9.088	-0.074	3.129	27.100	-17.578	-31.128	-1.3	-76.8	141.4
7.850	11.222	-0.528	3.404	28.748	-17.456	-19.287	-0.1	-77.0	140.5
7.860	13.119	-1.187	3.813	34.180	-16.174	-12.817	0.7	-77.1	140.0
7.870	14.407	-1.585	3.548	38.513	-17.761	-14.404	1.4	-77.2	139.6
7.880	13.416	-1.412	2.878	39.124	-8.179	-18.799	2.3	-77.4	139.1
7.890	10.583	-0.957	3.554	34.729	11.414	-18.738	3.2	-77.3	138.5
7.900	9.078	-1.116	5.118	30.762	14.282	-16.602	3.9	-77.1	138.1
7.910	8.392	-0.240	4.480	29.053	1.282	-15.808	4.7	-76.9	137.6
7.920	8.724	0.174	4.005	24.414	-6.348	-11.719	5.4	-76.8	137.1
7.930	9.365	0.187	3.659	19.470	-10.254	-8.179	6.0	-76.8	136.7
7.940	9.394	-0.171	2.994	17.029	-9.399	-6.042	6.5	-76.9	136.4
7.950	9.083	-0.402	2.679	16.785	-4.639	-5.310	6.8	-76.9	136.3
7.960	8.966	-0.754	2.485	18.188	-1.526	-5.981	7.0	-76.9	136.2
7.970	8.571	-1.466	2.396	18.433	1.892	-6.836	7.2	-76.9	136.1
7.980	8.310	-1.344	2.491	20.508	2.258	-8.545	7.5	-76.8	136.1
7.990	8.001	-1.157	2.548	21.729	0.305	-8.667	7.7	-76.8	136.0
8.000	7.904	-1.092	2.778	19.531	-2.930	-7.141	8.0	-76.8	135.9
8.010	7.896	-0.919	2.181	18.860	-8.728	-5.615	8.2	-76.8	135.9
8.020	8.013	-1.034	1.891	15.686	-10.315	-2.991	8.4	-76.9	135.9
8.030	8.171	-1.000	1.982	12.573	-7.507	-0.305	8.3	-77.0	136.0
8.040	8.225	-0.540	1.560	13.794	-5.615	1.831	8.3	-77.1	136.2
8.050	8.295	-0.160	1.283	15.808	-2.930	4.211	8.1	-77.2	136.5
8.060	8.121	-0.236	1.620	17.761	0.305	6.836	8.0	-77.2	136.8
8.070	8.127	-0.385	1.867	23.743	-0.061	6.958	7.8	-77.2	137.2
8.080	7.931	-0.355	1.889	21.790	-2.991	7.019	7.6	-77.3	137.7
8.090	7.890	-0.329	2.018	21.240	-7.080	6.592	7.4	-77.3	138.1
8.100	8.058	-0.205	1.892	20.386	-11.597	5.676	7.3	-77.5	138.4
8.110	8.388	0.120	1.598	18.738	-14.832	3.784	7.3	-77.6	138.5
8.120	8.475	0.608	1.392	16.052	-15.747	1.465	7.5	-77.8	138.5
8.130	8.443	0.877	1.172	12.878	-15.686	-0.061	7.8	-78.0	138.3
8.140	8.344	0.895	1.130	10.681	-15.930	-0.793	8.2	-78.1	138.0
8.150	8.379	0.772	1.137	9.216	-17.456	-1.526	8.7	-78.3	137.7
8.160	8.575	0.468	1.210	8.545	-18.860	-1.404	9.1	-78.5	137.4
8.170	9.043	0.294	1.350	8.362	-19.897	-1.953	9.5	-78.8	137.1
8.180	9.376	0.012	1.246	7.935	-19.470	-2.441	9.8	-79.0	136.8
8.190	9.726	-0.228	1.181	7.568	-17.700	-2.380	10.1	-79.2	136.5
8.200	9.795	-0.585	1.173	7.141	-12.024	-2.319	10.4	-79.4	136.4
8.210	9.810	-0.703	1.815	5.432	-5.066	-3.418	10.4	-79.5	136.3
8.220	9.794	-0.834	2.383	5.676	-0.854	-4.456	10.5	-79.5	136.4
8.230	9.491	-0.730	2.578	7.080	1.038	-4.761	10.5	-79.4	136.4
8.240	9.626	-0.539	2.621	7.874	-1.038	-3.418	10.5	-79.4	136.5
8.250	9.697	-0.634	2.367	8.850	0.488	0.793	10.4	-79.4	136.7
8.260	9.407	-0.815	2.452	8.972	4.150	5.310	9.9	-79.4	137.2
8.270	8.986	-1.122	2.495	8.118	4.333	8.728	9.3	-79.3	137.9
8.280	8.617	-1.061	2.122	8.057	2.014	10.010	8.5	-79.3	138.8
8.290	8.516	-0.813	1.351	7.446	-0.366	10.376	7.7	-79.3	139.7
8.300	8.474	-0.563	0.936	6.592	-0.916	10.193	7.0	-79.3	140.4
8.310	8.322	-0.238	0.806	5.981	-0.427	8.972	6.5	-79.4	141.0
8.320	8.146	-0.215	1.055	7.080	-0.122	6.592	6.1	-79.4	141.5
8.330	8.119	-0.330	1.610	10.986	-1.892	3.418	5.9	-79.5	141.8
8.340	8.694	-0.788	2.357	16.785	-8.423	1.343	5.8	-79.5	142.0
8.350	9.588	-1.409	3.113	22.705	-18.433	1.831	5.7	-79.7	142.3
8.360	10.999	-1.676	3.780	25.818	-28.076	6.165	5.4	-79.9	142.8
8.370	12.441	-1.442	3.921	25.269	-32.715	14.160	4.6	-80.1	143.9
8.380	12.869	-0.284	3.301	20.630	-30.396	22.278	3.4	-80.4	145.3
8.390	12.060	0.949	2.915	13.916	-16.357	28.564	2.0	-80.6	146.9
8.400	10.621	1.322	3.663	11.719	0.000	32.776	0.5	-80.6	148.6
8.410	10.221	1.092	3.853	13.306	2.258	32.715	-1.0	-80.5	150.2
8.420	10.564	0.536	3.042	11.719	-0.244	30.457	-2.5	-80.4	151.8
8.430	10.578	0.424	2.511	7.996	1.892	27.649	-3.9	-80.3	153.4
8.440	10.546	0.582	2.328	3.296	6.714	26.123	-5.2	-80.2	154.7
8.450	10.475	0.800	2.335	0.549	12.451	25.940	-6.4	-80.1	156.0
8.460	10.090	1.058	2.387	-0.244	17.700	25.818	-7.5	-79.9	157.0
8.470	9.722	1.143	2.673	-1.343	23.804	26.367	-8.4	-79.6	158.0
8.480	9.380	1.271	3.246	-2.563	25.696	26.123	-9.2	-79.3	158.8
8.490	9.462	1.275	3.251	-2.686	23.193	24.292	-9.9	-79.0	159.5
8.500	10.056	1.043	3.007	-4.028	19.043	19.836	-10.4	-78.7	160.0
8.510	10.528	0.435	2.619	-6.104	16.479	13.794	-10.8	-78.5	160.3
8.520	10.652	0.144	2.193	-7.690	14.038	5.127	-10.9	-78.3	160.3
8.530	10.354	0.108	2.156	-8.362	13.977	-2.502	-10.7	-78.2	160.1
8.540	9.871	0.053	2.489	-6.958	13.062	-6.775	-10.3	-78.0	159.6
8.550	9.636	0.297	2.467	-4.700	9.338	-8.911	-9.7	-77.9	159.0
8.560	9.518	0.567	2.193	-3.662	7.019	-9.338	-9.1	-77.9	158.3
8.570	9.367	0.861	2.347	-3.662	8.301	-8.301	-8.5	-77.8	157.6
8.580	9.326	0.971	2.467	-4.395	10.925	-6.836	-7.9	-77.7	157.0
8.590	9.263	1.013	2.575	-4.822	13.916	-5.615	-7.3	-77.6	156.4
8.600	9.191	0.917	2.710	-5.066	16.663	-4.578	-6.8	-77.4	155.8
8.610	9.217	0.924	2.784	-4.944	17.822	-4.272	-6.3	-77.2	155.2
8.620	9.082	0.856	2.588	-4.333	17.639	-4.333	-5.9	-77.0	154.7
8.630	8.950	0.742	2.411	-4.211	16.907	-4.700	-5.4	-76.9	154.2
8.640	8.811	0.536	2.238	-4.272	15.259	-5.798	-5.0	-76.7	153.8
8.650	8.707	0.166	2.248	-4.639	14.771	-7.568	-4.6	-76.6	153.3
8.660	8.596	-0.078	2.155	-4.333	14.343	-9.583	-4.1	-76.4	152.8
8.670	8.717	-0.201	1.887	-4.028	12.878	-11.047	-3.7	-76.3	152.3
8.680	8.832	-0.329	2.080	-3.662	11.902	-11.353	-3.3	-76.2	151.8
8.690	8.891	-0.314	2.114	-2.991	9.888	-10.925	-2.9	-76.1	151.3
8.700	9.047	-0.204	2.224	-2.075	7.935	-9.888	-2.5	-76.0	151.0
8.710	9.231	-0.057	2.273	-1.648	7.629	-7.141	-2.2	-76.0	150.6
8.720	9.222	0.014	2.587	-1.160	9.766	-3.540	-2.0	-75.9	150.4
8.730	9.182	0.051	2.843	0.000	11.108	0.061	-1.9	-75.8	150.3
8.740	9.405	-0.083	3.036	1.221	10.498	2.625	-2.0	-75.6	150.4
8.750	9.611	-0.138	2.753	3.113	9.399	3.723	-2.1	-75.5	150.5
8.760	9.735	-0.214	2.619	5.066	10.132	4.211	-2.2	-75.4	150.7
8.770	9.823	-0.100	2.483	5.920	10.742	3.967	-2.3	-75.3	150.8
8.780	9.814	0.024	2.176	5.920	11.658	3.357	-2.4	-75.2	151.0
8.790	9.836	0.250	2.082	4.395	12.634	2.136	-2.4	-75.1	151.0
8.800	9.789	0.498	2.118	2.686	12.634	0.061	-2.3	-75.0	150.9
8.810	9.661	0.737	2.189	1.343	12.268	-2.075	-2.1	-74.9	150.7
8.820	9.625	0.722	2.361	0.671	11.108	-3.662	-1.8	-74.8	150.5
8.830	9.557	0.686	2.416	0.366	9.888	-4.944	-1.5	-74.8	150.2
8.840	9.367	0.634	2.569	0.244	9.705	-5.188	-1.1	-74.7	149.8
8.850	9.170	0.585	2.696	-0.122	9.033	-4.883	-0.8	-74.6	149.5
8.860	9.105	0.657	2.642	-0.366	7.568	-4.211	-0.6	-74.5	149.2
8.870	9.102	0.558	2.618	-0.122	6.836	-3.418	-0.3	-74.4	149.0
8.880	9.229	0.377	2.580	-0.061	6.592	-2.991	-0.1	-74.4	148.8
8.890	9.403	0.078	2.570	-0.061	6.836	-3.052	0.0	-74.3	148.6
8.900	9.587	-0.068	2.559	-0.183	6.958	-3.845	0.2	-74.2	148.5
8.910	9.631	-0.159	2.438	-0.244	7.080	-4.883	0.3	-74.2	148.3
8.920	9.622	-0.179	2.471	0.183	7.629	-5.798	0.5	-74.1	148.1
8.930	9.399	-0.102	2.553	0.366	8.423	-6.653	0.7	-74.1	147.9
8.940	9.209	0.132	2.623	0.488	7.874	-7.080	0.9	-74.0	147.7
8.950	9.094	0.232	2.662	0.671	6.165	-7.080	1.2	-73.9	147.4
8.960	9.061	0.209	2.673	0.366	4.883	-6.165	1.4	-73.9	147.1
8.970	9.164	0.184	2.479	-0.122	3.296	-5.005	1.6	-73.8	146.9
8.980	9.230	0.069	2.319	-1.648	1.831	-4.517	1.8	-73.8	146.8
8.990	9.314	0.067	2.291	-2.808	2.319	-4.272	1.9	-73.8	146.6
9.000	9.315	0.181	2.356	-2.808	3.662	-3.906	2.0	-73.8	146.5
9.010	9.180	0.231	2.383	-1.465	5.188	-2.747	2.1	-73.8	146.3
9.020	9.103	0.159	2.374	-1.709	5.859	-0.916	2.1	-73.7	146.3
9.030	9.196	0.081	2.472	-2.502	4.272	-0.305	2.1	-73.7	146.3
9.040	9.313	0.111	2.490	-3.357	2.014	-1.099	2.1	-73.7	146.2
9.050	9.411	0.138	2.531	-3.479	0.793	-2.075	2.2	-73.7	146.1
9.060	9.418	0.165	2.443	-2.869	1.038	-2.563	2.2	-73.7	146.0
9.070	9.486	0.037	2.371	-2.991	1.709	-2.441	2.3	-73.7	146.0
9.080	9.386	-0.029	2.331	-3.723	2.380	-2.136	2.3	-73.7	145.9
9.090	9.288	-0.013	2.351	-4.150	2.930	-2.075	2.3	-73.7	145.8
9.100	9.263	0.114	2.329	-4.150	2.197	-2.319	2.3	-73.7	145.8
9.110	9.302	0.223	2.199	-4.028	1.648	-2.808	2.4	-73.7	145.6
9.120	9.368	0.273	2.279	-3.662	1.709	-3.113	2.5	-73.7	145.5
9.130	9.415	0.311	2.331	-3.479	2.014	-3.357	2.6	-73.7	145.4
9.140	9.449	0.282	2.435	-3.662	1.343	-3.418	2.7	-73.7	145.2
9.150	9.486	0.174	2.341	-3.906	0.000	-3.540	2.8	-73.7	145.1
9.160	9.440	0.038	2.406	-4.150	-0.793	-3.052	2.9	-73.8	144.9
9.170	9.388	-0.117	2.498	-4.150	-0.671	-2.930	2.9	-73.8	144.9
9.180	9.519	-0.165	2.572	-3.723	-0.427	-2.869	2.9	-73.8	144.8
9.190	9.585	-0.127	2.531	-3.479	-0.977	-2.930	3.0	-73.8	144.7
9.200	9.600	-0.153	2.450	-3.784	-1.282	-2.686	3.0	-73.9	144.6
9.210	9.604	-0.187	2.456	-4.150	-0.610	-2.014	3.0	-73.9	144.6
9.220	9.642	-0.229	2.586	-4.395	0.244	-1.587	2.9	-73.9	144.6
9.230	9.508	-0.138	2.647	-4.272	0.549	-1.465	2.9	-73.9	144.6
9.240	9.450	-0.145	2.526	-4.456	1.465	-1.221	2.8	-73.9	144.6
9.250	9.327	-0.153	2.589	-4.883	2.686	-0.610	2.8	-73.9	144.6
9.260	9.194	-0.125	2.718	-4.639	3.845	0.122	2.7	-73.9	144.6
9.270	9.090	-0.072	2.642	-4.333	3.662	0.732	2.6	-73.8	144.7
9.280	9.106	-0.118	2.619	-4.272	3.052	1.282	2.4	-73.8	144.8
9.290	9.107	-0.120	2.563	-4.089	2.808	1.465	2.3	-73.8	144.9
9.300	9.136	-0.144	2.508	-3.784	2.502	1.282	2.2	-73.8	144.9
9.310	9.198	-0.135	2.440	-3.479	2.380	0.671	2.1	-73.8	145.0
9.320	9.187	-0.150	2.509	-3.540	2.563	0.122	2.0	-73.7	145.0
9.330	9.245	-0.180	2.604	-3.174	2.808	-0.305	1.9	-73.7	145.1
9.340	9.175	-0.077	2.563	-2.808	2.991	-0.549	1.9	-73.7	145.1
9.350	9.196	-0.106	2.552	-2.625	2.808	-0.488	1.8	-73.7	145.1
9.360	9.211	-0.190	2.599	-2.136	2.747	-0.366	1.8	-73.7	145.1
9.370	9.261	-0.180	2.575	-1.648	2.625	-0.305	1.7	-73.7	145.1
9.380	9.253	-0.174	2.600	-1.343	2.319	-0.183	1.7	-73.6	145.2
9.390	9.272	-0.214	2.520	-1.221	1.892	0.000	1.6	-73.6	145.2
9.400	9.264	-0.180	2.584	-1.282	2.014	-0.061	1.6	-73.6	145.2
9.410	9.283	-0.106	2.600	-1.709	2.075	0.183	1.5	-73.6	145.3
9.420	9.290	-0.141	2.624	-1.831	1.587	0.610	1.5	-73.6	145.3
9.430	9.277	-0.051	2.608	-2.319	1.282	1.343	1.4	-73.6	145.4
9.440	9.303	-0.027	2.678	-2.991	1.526	2.136	1.3	-73.6	145.5
9.450	9.283	-0.020	2.627	-3.174	1.587	2.502	1.1	-73.6	145.6
