BTS G-STUDIO File

--------------------------------------------------------
Versione File:		5
Sensor type:		GS2
Accelerometro (g):	±2
Magnetico (uT):	OFF
Giroscopio (°/s):	±2000
Frequenza (Hz):		100
GPS (Hz):		OFF
Informazioni sull’orientamento:	ON
Frames:	971
--------------------------------------------------------

Time		Acc.			Gyro.		Roll	Pitch	Yaw
t(s)	X(m/s²)	Y(m/s²)	Z(m/s²)	X(°/s)	Y(°/s)	Z(°/s)	(°)	(°)	(°)
0.010	9.387	-0.149	2.667	0.000	-0.183	-0.183	-1.7	-73.8	-40.2
0.020	9.394	-0.172	2.661	0.305	-0.366	-0.244	-1.7	-73.8	-40.2
0.030	9.337	-0.183	2.684	0.488	0.061	-0.305	-1.7	-73.8	-40.2
0.040	9.289	-0.056	2.605	0.671	0.122	-0.305	-1.7	-73.8	-40.2
0.050	9.251	-0.070	2.632	0.916	0.183	-0.183	-1.6	-73.8	-40.2
0.060	9.246	-0.105	2.614	1.038	0.122	0.061	-1.6	-73.8	-40.2
0.070	9.279	-0.074	2.715	1.038	0.000	0.305	-1.6	-73.8	-40.2
0.080	9.279	-0.071	2.627	1.282	0.122	0.305	-1.6	-73.7	-40.2
0.090	9.302	-0.114	2.698	1.221	-0.183	0.366	-1.6	-73.7	-40.2
0.100	9.314	0.045	2.612	1.221	-0.183	0.244	-1.5	-73.7	-40.2
0.110	9.320	0.072	2.587	0.977	-0.183	0.305	-1.5	-73.7	-40.2
0.120	9.320	0.047	2.618	0.549	-0.366	0.549	-1.5	-73.7	-40.2
0.130	9.379	-0.071	2.692	0.427	-0.793	0.610	-1.5	-73.7	-40.2
0.140	9.436	-0.063	2.679	0.549	-0.732	0.305	-1.5	-73.7	-40.2
0.150	9.419	-0.060	2.635	0.793	-0.061	0.061	-1.4	-73.7	-40.2
0.160	9.313	-0.086	2.624	1.038	0.183	0.000	-1.4	-73.6	-40.2
0.170	9.258	-0.095	2.614	1.160	-0.183	0.000	-1.4	-73.6	-40.2
0.180	9.272	-0.071	2.693	1.343	-0.305	0.061	-1.4	-73.6	-40.2
0.190	9.318	-0.098	2.722	1.465	-0.366	0.244	-1.3	-73.6	-40.2
0.200	9.331	-0.114	2.758	1.709	-0.671	0.305	-1.3	-73.6	-40.1
0.210	9.375	-0.028	2.760	2.014	-0.549	0.366	-1.3	-73.6	-40.1
0.220	9.377	0.053	2.613	2.197	-0.488	0.366	-1.3	-73.6	-40.1
0.230	9.284	0.095	2.565	1.770	-0.305	0.610	-1.2	-73.6	-40.1
0.240	9.295	0.031	2.672	1.465	-0.061	0.977	-1.2	-73.6	-40.1
0.250	9.395	-0.064	2.690	1.404	-0.549	0.977	-1.2	-73.6	-40.1
0.260	9.391	-0.042	2.613	1.221	-0.671	0.671	-1.2	-73.5	-40.1
0.270	9.376	-0.003	2.645	1.343	-0.305	0.549	-1.2	-73.5	-40.0
0.280	9.278	-0.058	2.668	1.709	0.000	0.549	-1.2	-73.5	-40.0
0.290	9.243	-0.031	2.661	2.014	-0.244	0.793	-1.2	-73.5	-40.0
0.300	9.260	-0.042	2.681	2.075	-0.427	0.916	-1.2	-73.5	-40.0
0.310	9.273	-0.011	2.788	2.014	-0.671	1.099	-1.2	-73.5	-39.9
0.320	9.251	0.048	2.748	1.892	-1.038	1.099	-1.2	-73.5	-39.9
0.330	9.284	0.073	2.716	1.648	-1.038	1.099	-1.1	-73.5	-39.9
0.340	9.319	0.071	2.631	1.343	-1.038	1.038	-1.1	-73.5	-39.9
0.350	9.310	0.108	2.627	1.282	-1.221	1.038	-1.1	-73.5	-39.9
0.360	9.308	0.109	2.641	1.160	-1.526	0.854	-1.1	-73.5	-39.8
0.370	9.356	0.054	2.659	1.038	-1.709	0.916	-1.1	-73.5	-39.8
0.380	9.306	0.040	2.677	1.099	-1.587	0.671	-1.1	-73.5	-39.8
0.390	9.315	0.041	2.703	0.977	-1.526	0.488	-1.0	-73.5	-39.8
0.400	9.260	0.032	2.750	1.038	-1.831	0.244	-1.0	-73.5	-39.8
0.410	9.237	-0.035	2.683	0.854	-2.441	0.061	-1.0	-73.5	-39.8
0.420	9.275	0.049	2.663	0.671	-3.052	0.000	-1.0	-73.5	-39.8
0.430	9.272	0.022	2.679	0.427	-3.113	0.122	-0.9	-73.5	-39.8
0.440	9.319	0.029	2.669	0.061	-2.930	0.000	-0.9	-73.5	-39.8
0.450	9.291	0.122	2.705	-0.122	-2.380	0.000	-0.9	-73.6	-39.9
0.460	9.328	0.104	2.692	-0.549	-2.075	0.183	-0.8	-73.6	-39.9
0.470	9.367	0.110	2.748	-0.916	-2.075	0.122	-0.8	-73.6	-39.9
0.480	9.412	0.116	2.775	-0.977	-2.014	0.000	-0.8	-73.6	-39.9
0.490	9.373	0.073	2.887	-0.488	-1.343	0.000	-0.8	-73.6	-39.9
0.500	9.300	0.031	2.746	-0.183	-0.977	0.122	-0.7	-73.6	-40.0
0.510	9.282	-0.053	2.788	-0.122	-0.854	0.305	-0.7	-73.6	-40.0
0.520	9.240	-0.057	2.684	-0.244	-0.916	0.488	-0.7	-73.5	-39.9
0.530	9.252	-0.028	2.696	-0.732	-0.916	0.488	-0.7	-73.5	-39.9
0.540	9.181	0.053	2.686	-1.038	-1.282	0.549	-0.7	-73.5	-39.9
0.550	9.206	0.101	2.756	-1.343	-1.709	0.549	-0.8	-73.5	-39.9
0.560	9.263	0.105	2.758	-1.404	-2.319	0.610	-0.8	-73.5	-39.9
0.570	9.361	0.051	2.775	-1.404	-2.380	0.488	-0.7	-73.5	-39.9
0.580	9.354	0.087	2.814	-1.404	-2.136	0.305	-0.7	-73.5	-39.9
0.590	9.327	0.023	2.808	-1.404	-2.136	0.000	-0.7	-73.5	-39.9
0.600	9.290	0.017	2.787	-1.404	-2.258	-0.244	-0.7	-73.6	-39.9
0.610	9.248	0.048	2.815	-1.404	-2.136	-0.305	-0.7	-73.6	-39.9
0.620	9.248	0.057	2.753	-1.404	-1.953	-0.427	-0.7	-73.6	-40.0
0.630	9.272	-0.004	2.770	-1.404	-1.709	-0.244	-0.7	-73.6	-40.0
0.640	9.248	0.010	2.672	-1.404	-1.892	-0.183	-0.6	-73.6	-40.0
0.650	9.295	0.029	2.694	-1.587	-1.953	-0.183	-0.6	-73.6	-40.0
0.660	9.281	0.072	2.700	-1.892	-2.014	-0.061	-0.6	-73.6	-40.0
0.670	9.277	0.044	2.717	-2.075	-2.502	0.000	-0.6	-73.6	-40.1
0.680	9.331	0.026	2.728	-2.380	-2.502	0.000	-0.6	-73.6	-40.1
0.690	9.312	0.048	2.793	-2.686	-2.380	0.000	-0.6	-73.6	-40.1
0.700	9.339	-0.005	2.726	-2.686	-2.502	-0.305	-0.6	-73.6	-40.1
0.710	9.352	0.055	2.759	-2.502	-2.563	-0.549	-0.6	-73.6	-40.1
0.720	9.356	0.018	2.738	-2.441	-2.625	-0.854	-0.6	-73.6	-40.2
0.730	9.346	0.050	2.750	-2.319	-2.686	-0.854	-0.5	-73.6	-40.2
0.740	9.362	-0.026	2.742	-2.197	-2.441	-0.854	-0.5	-73.6	-40.2
0.750	9.332	-0.004	2.807	-2.075	-2.136	-0.793	-0.5	-73.6	-40.3
0.760	9.296	0.026	2.769	-2.014	-2.014	-0.610	-0.5	-73.6	-40.3
0.770	9.337	0.022	2.739	-2.014	-2.014	-0.488	-0.4	-73.6	-40.3
0.780	9.343	0.020	2.795	-2.380	-1.770	-0.305	-0.4	-73.6	-40.3
0.790	9.294	0.030	2.690	-2.625	-1.709	-0.244	-0.4	-73.6	-40.4
0.800	9.275	0.048	2.691	-2.563	-1.709	-0.244	-0.4	-73.6	-40.4
0.810	9.278	0.067	2.745	-2.563	-1.648	-0.244	-0.4	-73.6	-40.4
0.820	9.301	0.019	2.727	-2.625	-1.709	-0.366	-0.4	-73.6	-40.4
0.830	9.303	0.004	2.789	-2.502	-1.831	-0.366	-0.4	-73.6	-40.5
0.840	9.368	-0.045	2.738	-2.380	-2.136	-0.549	-0.4	-73.6	-40.5
0.850	9.278	-0.013	2.734	-2.441	-2.441	-0.854	-0.4	-73.6	-40.5
0.860	9.322	-0.016	2.715	-2.319	-2.319	-1.038	-0.3	-73.6	-40.5
0.870	9.275	-0.026	2.662	-2.197	-2.319	-0.793	-0.3	-73.7	-40.6
0.880	9.217	-0.034	2.709	-2.075	-2.075	-0.610	-0.3	-73.7	-40.6
0.890	9.188	-0.080	2.781	-1.892	-2.441	-0.549	-0.3	-73.7	-40.6
0.900	9.230	-0.020	2.735	-2.014	-2.869	-0.427	-0.3	-73.7	-40.6
0.910	9.278	-0.028	2.678	-1.770	-2.991	-0.183	-0.3	-73.7	-40.6
0.920	9.273	-0.039	2.624	-1.709	-2.991	-0.122	-0.3	-73.7	-40.6
0.930	9.314	0.037	2.717	-1.709	-2.930	0.000	-0.3	-73.7	-40.6
0.940	9.304	0.086	2.708	-1.648	-2.808	0.000	-0.3	-73.7	-40.6
0.950	9.328	0.056	2.730	-1.648	-2.869	-0.061	-0.3	-73.7	-40.7
0.960	9.263	0.068	2.709	-1.648	-2.930	-0.122	-0.2	-73.7	-40.7
0.970	9.289	0.030	2.720	-1.770	-2.869	-0.305	-0.2	-73.8	-40.7
0.980	9.296	-0.002	2.720	-1.648	-2.991	-0.305	-0.2	-73.8	-40.7
0.990	9.339	-0.050	2.789	-1.709	-3.235	-0.305	-0.2	-73.8	-40.7
1.000	9.354	-0.050	2.626	-1.648	-3.357	-0.366	-0.2	-73.8	-40.7
1.010	9.357	-0.004	2.598	-1.587	-3.052	-0.305	-0.2	-73.8	-40.7
1.020	9.318	-0.039	2.654	-1.648	-2.625	-0.183	-0.2	-73.8	-40.8
1.030	9.345	0.054	2.730	-1.648	-2.686	-0.061	-0.2	-73.8	-40.8
1.040	9.375	0.069	2.735	-1.709	-3.113	-0.122	-0.2	-73.9	-40.8
1.050	9.327	0.104	2.722	-1.648	-3.296	-0.061	-0.2	-73.9	-40.8
1.060	9.267	0.075	2.647	-1.648	-3.174	0.000	-0.1	-73.9	-40.8
1.070	9.303	0.067	2.607	-1.709	-3.479	0.000	-0.1	-73.9	-40.8
1.080	9.301	0.014	2.633	-2.014	-3.601	0.061	-0.1	-73.9	-40.8
1.090	9.304	0.023	2.610	-2.136	-3.357	-0.061	-0.1	-73.9	-40.8
1.100	9.324	0.043	2.602	-2.197	-3.357	0.000	-0.1	-74.0	-40.8
1.110	9.338	0.023	2.654	-2.075	-3.357	0.000	-0.1	-74.0	-40.8
1.120	9.351	0.060	2.574	-1.892	-2.930	0.183	-0.1	-74.0	-40.8
1.130	9.333	0.032	2.578	-1.709	-2.808	0.366	-0.1	-74.0	-40.8
1.140	9.358	-0.014	2.644	-1.587	-2.991	0.305	-0.2	-74.0	-40.8
1.150	9.376	0.025	2.689	-1.404	-3.235	0.183	-0.2	-74.0	-40.8
1.160	9.382	0.042	2.581	-1.587	-3.113	0.183	-0.2	-74.1	-40.8
1.170	9.364	0.036	2.586	-1.892	-2.869	0.000	-0.2	-74.1	-40.8
1.180	9.312	0.071	2.712	-2.075	-2.991	-0.061	-0.2	-74.1	-40.8
1.190	9.367	0.116	2.651	-2.197	-3.296	-0.183	-0.2	-74.1	-40.9
1.200	9.374	0.101	2.618	-2.319	-3.479	-0.244	-0.1	-74.1	-40.9
1.210	9.356	0.073	2.566	-2.502	-3.418	-0.305	-0.1	-74.1	-40.9
1.220	9.322	0.085	2.582	-2.502	-3.174	-0.244	-0.1	-74.2	-40.9
1.230	9.352	0.055	2.638	-2.686	-2.869	-0.244	-0.1	-74.2	-41.0
1.240	9.339	0.062	2.659	-2.563	-3.052	-0.244	-0.1	-74.2	-41.0
1.250	9.348	0.036	2.617	-2.563	-3.052	-0.183	-0.1	-74.2	-41.0
1.260	9.374	0.031	2.645	-2.441	-2.686	-0.183	-0.1	-74.2	-41.0
1.270	9.376	0.028	2.733	-2.319	-2.441	-0.183	-0.1	-74.2	-41.0
1.280	9.356	0.026	2.662	-2.441	-2.380	-0.244	-0.1	-74.2	-41.0
1.290	9.361	0.010	2.606	-2.380	-2.258	-0.122	-0.1	-74.2	-41.0
1.300	9.333	0.008	2.624	-2.075	-2.136	-0.122	-0.1	-74.2	-41.1
1.310	9.339	0.022	2.600	-2.014	-2.197	-0.061	-0.1	-74.2	-41.1
1.320	9.332	0.017	2.604	-2.014	-2.197	0.000	-0.1	-74.2	-41.1
1.330	9.338	0.042	2.618	-1.892	-2.197	0.000	-0.1	-74.2	-41.1
1.340	9.263	0.004	2.594	-2.014	-2.258	0.183	-0.1	-74.2	-41.1
1.350	9.320	-0.019	2.680	-2.136	-2.441	0.183	-0.1	-74.3	-41.1
1.360	9.291	-0.013	2.692	-2.258	-2.808	0.244	-0.1	-74.3	-41.1
1.370	9.340	0.004	2.651	-2.441	-3.113	0.061	-0.1	-74.3	-41.1
1.380	9.352	0.049	2.696	-2.441	-3.296	-0.061	-0.1	-74.3	-41.1
1.390	9.358	0.085	2.656	-2.625	-3.357	-0.244	-0.1	-74.3	-41.1
1.400	9.362	0.089	2.662	-2.747	-2.991	-0.488	-0.1	-74.3	-41.1
1.410	9.334	0.108	2.666	-2.747	-2.686	-0.732	-0.1	-74.3	-41.1
1.420	9.332	0.097	2.601	-2.625	-2.563	-0.793	0.0	-74.3	-41.2
1.430	9.358	0.086	2.633	-2.686	-2.441	-0.793	0.0	-74.3	-41.2
1.440	9.362	0.049	2.550	-2.563	-2.319	-0.610	0.0	-74.3	-41.3
1.450	9.336	0.019	2.534	-2.563	-2.258	-0.427	0.0	-74.4	-41.3
1.460	9.336	-0.003	2.578	-2.441	-2.625	-0.305	0.0	-74.4	-41.3
1.470	9.360	-0.059	2.571	-2.502	-2.441	-0.122	0.0	-74.4	-41.3
1.480	9.377	-0.052	2.548	-2.319	-2.563	0.000	0.0	-74.4	-41.3
1.490	9.404	-0.068	2.566	-2.380	-2.686	0.000	0.0	-74.4	-41.3
1.500	9.409	-0.026	2.568	-2.319	-2.625	0.061	0.0	-74.4	-41.3
1.510	9.363	-0.034	2.595	-2.319	-2.686	0.000	-0.1	-74.4	-41.3
1.520	9.342	-0.010	2.599	-2.075	-2.686	0.061	-0.1	-74.4	-41.3
1.530	9.377	0.001	2.559	-1.831	-2.563	0.000	-0.1	-74.4	-41.3
1.540	9.373	-0.023	2.613	-2.075	-2.441	0.061	-0.1	-74.5	-41.3
1.550	9.388	-0.003	2.587	-2.319	-1.953	0.183	-0.1	-74.5	-41.3
1.560	9.344	0.001	2.566	-2.441	-1.770	0.244	-0.1	-74.5	-41.3
1.570	9.326	0.045	2.589	-2.747	-1.831	0.122	-0.1	-74.5	-41.3
1.580	9.375	0.107	2.611	-2.747	-1.770	0.000	-0.1	-74.5	-41.3
1.590	9.383	0.063	2.660	-2.686	-1.770	-0.122	-0.1	-74.5	-41.3
1.600	9.383	0.040	2.557	-2.563	-2.075	-0.183	-0.1	-74.5	-41.3
1.610	9.356	0.030	2.605	-2.502	-2.197	-0.183	-0.1	-74.5	-41.3
1.620	9.427	-0.014	2.600	-2.563	-1.892	-0.366	-0.1	-74.5	-41.4
1.630	9.406	0.011	2.649	-2.625	-1.526	-0.488	-0.1	-74.5	-41.4
1.640	9.427	-0.005	2.545	-2.625	-1.465	-0.488	-0.1	-74.5	-41.4
1.650	9.398	-0.015	2.604	-2.747	-1.404	-0.305	-0.1	-74.5	-41.4
1.660	9.397	-0.056	2.590	-2.258	-1.343	-0.305	-0.1	-74.5	-41.4
1.670	9.322	-0.066	2.624	-2.014	-1.221	-0.183	-0.1	-74.4	-41.4
1.680	9.303	-0.071	2.637	-1.831	-1.282	-0.122	-0.1	-74.4	-41.4
1.690	9.271	-0.066	2.657	-1.770	-1.465	-0.122	-0.1	-74.4	-41.4
1.700	9.303	-0.046	2.596	-1.648	-1.343	0.000	-0.1	-74.4	-41.4
1.710	9.318	-0.032	2.644	-1.648	-1.343	0.183	-0.1	-74.4	-41.4
1.720	9.318	-0.003	2.690	-1.526	-1.282	0.244	-0.2	-74.4	-41.4
1.730	9.315	-0.034	2.626	-1.404	-1.526	0.183	-0.2	-74.4	-41.4
1.740	9.344	0.007	2.544	-1.404	-1.709	0.183	-0.2	-74.4	-41.4
1.750	9.348	0.013	2.548	-1.404	-1.770	0.061	-0.2	-74.4	-41.4
1.760	9.319	-0.034	2.539	-1.404	-2.136	0.122	-0.2	-74.4	-41.4
1.770	9.363	-0.008	2.589	-1.404	-2.258	0.183	-0.2	-74.4	-41.4
1.780	9.386	-0.046	2.575	-1.404	-2.197	0.122	-0.2	-74.4	-41.4
1.790	9.365	-0.023	2.610	-1.404	-1.953	0.183	-0.2	-74.4	-41.3
1.800	9.352	-0.051	2.621	-1.404	-1.770	0.183	-0.2	-74.4	-41.3
1.810	9.332	-0.010	2.598	-1.343	-1.831	0.000	-0.2	-74.4	-41.3
1.820	9.338	-0.005	2.572	-1.282	-1.892	-0.122	-0.2	-74.4	-41.3
1.830	9.351	-0.005	2.601	-1.343	-1.709	-0.244	-0.2	-74.4	-41.3
1.840	9.351	0.028	2.553	-1.282	-1.587	-0.244	-0.2	-74.4	-41.4
1.850	9.354	0.034	2.602	-1.160	-1.526	0.000	-0.2	-74.4	-41.4
1.860	9.365	-0.003	2.601	-1.038	-1.770	0.122	-0.2	-74.4	-41.4
1.870	9.394	0.007	2.593	-0.977	-2.014	0.061	-0.2	-74.4	-41.4
1.880	9.413	0.007	2.637	-1.160	-1.770	0.061	-0.2	-74.4	-41.4
1.890	9.404	0.023	2.678	-1.038	-1.709	0.244	-0.2	-74.4	-41.4
1.900	9.450	0.043	2.633	-1.221	-1.770	0.305	-0.2	-74.4	-41.4
1.910	9.392	0.005	2.671	-1.160	-1.709	0.366	-0.2	-74.4	-41.3
1.920	9.393	0.050	2.615	-1.099	-1.404	0.366	-0.2	-74.4	-41.3
1.930	9.370	-0.015	2.599	-1.038	-1.099	0.244	-0.2	-74.4	-41.3
1.940	9.316	-0.029	2.618	-0.977	-0.732	0.122	-0.2	-74.4	-41.3
1.950	9.325	0.042	2.614	-1.099	-0.793	-0.061	-0.2	-74.4	-41.3
1.960	9.331	0.026	2.581	-1.221	-0.854	-0.122	-0.2	-74.4	-41.3
1.970	9.308	0.016	2.636	-1.221	-0.732	-0.244	-0.1	-74.4	-41.3
1.980	9.316	0.005	2.595	-1.160	-0.854	-0.122	-0.1	-74.4	-41.4
1.990	9.273	-0.057	2.607	-1.282	-0.671	0.000	-0.1	-74.4	-41.4
2.000	9.346	-0.130	2.683	-1.282	-0.916	0.000	-0.1	-74.4	-41.4
2.010	9.357	-0.069	2.569	-1.160	-1.160	0.061	-0.1	-74.4	-41.3
2.020	9.321	-0.112	2.596	-1.038	-1.221	0.061	-0.2	-74.4	-41.3
2.030	9.295	-0.094	2.661	-0.793	-1.282	0.183	-0.2	-74.3	-41.3
2.040	9.301	-0.044	2.697	-0.488	-1.404	0.244	-0.2	-74.3	-41.3
2.050	9.380	0.030	2.694	-0.427	-1.648	0.427	-0.2	-74.3	-41.3
2.060	9.375	0.018	2.601	-0.427	-1.526	0.427	-0.2	-74.3	-41.3
2.070	9.391	0.004	2.586	-0.549	-1.221	0.427	-0.2	-74.3	-41.2
2.080	9.348	-0.021	2.623	-0.671	-1.221	0.488	-0.2	-74.3	-41.2
2.090	9.330	0.030	2.610	-0.854	-1.038	0.488	-0.2	-74.3	-41.2
2.100	9.315	0.014	2.577	-0.854	-0.916	0.488	-0.2	-74.3	-41.2
2.110	9.288	-0.028	2.557	-0.854	-0.977	0.488	-0.2	-74.3	-41.2
2.120	9.257	0.028	2.581	-0.916	-1.160	0.427	-0.2	-74.3	-41.2
2.130	9.320	0.010	2.644	-0.854	-1.282	0.305	-0.2	-74.3	-41.2
2.140	9.338	0.017	2.607	-0.916	-1.465	0.183	-0.2	-74.3	-41.2
2.150	9.332	0.049	2.553	-1.038	-1.587	0.244	-0.2	-74.3	-41.2
2.160	9.328	0.054	2.596	-1.160	-1.465	0.183	-0.2	-74.3	-41.2
2.170	9.301	0.011	2.649	-1.099	-1.343	0.122	-0.2	-74.3	-41.2
2.180	9.294	0.028	2.630	-0.854	-1.587	0.061	-0.2	-74.3	-41.2
2.190	9.313	-0.035	2.598	-0.916	-1.831	-0.122	-0.2	-74.3	-41.2
2.200	9.326	0.006	2.532	-0.977	-2.136	-0.183	-0.2	-74.3	-41.2
2.210	9.377	0.004	2.592	-0.977	-2.502	-0.244	-0.2	-74.3	-41.2
2.220	9.419	-0.008	2.569	-0.854	-2.502	-0.122	-0.2	-74.3	-41.2
2.230	9.380	0.005	2.620	-0.916	-2.380	0.000	-0.2	-74.3	-41.2
2.240	9.380	0.023	2.649	-0.977	-2.258	0.000	-0.1	-74.3	-41.2
2.250	9.406	0.013	2.595	-1.099	-2.075	0.061	-0.1	-74.3	-41.2
2.260	9.354	0.004	2.568	-1.282	-1.953	0.244	-0.1	-74.3	-41.2
2.270	9.294	-0.028	2.629	-1.221	-1.709	0.305	-0.2	-74.3	-41.2
2.280	9.324	-0.014	2.645	-1.282	-1.709	0.366	-0.2	-74.3	-41.2
2.290	9.312	-0.046	2.617	-1.404	-1.892	0.244	-0.2	-74.3	-41.2
2.300	9.336	-0.025	2.654	-1.404	-2.197	0.183	-0.2	-74.3	-41.1
2.310	9.386	0.035	2.615	-1.404	-2.014	0.061	-0.2	-74.3	-41.1
2.320	9.403	0.068	2.605	-1.526	-1.892	0.000	-0.2	-74.3	-41.2
2.330	9.379	0.028	2.557	-1.526	-1.770	0.000	-0.2	-74.4	-41.2
2.340	9.331	0.004	2.625	-1.465	-1.709	0.000	-0.2	-74.4	-41.2
2.350	9.315	-0.008	2.631	-1.404	-1.892	0.061	-0.2	-74.4	-41.2
2.360	9.304	-0.052	2.560	-1.465	-2.258	0.000	-0.2	-74.4	-41.2
2.370	9.346	-0.015	2.642	-1.465	-2.319	-0.061	-0.2	-74.4	-41.2
2.380	9.365	-0.001	2.624	-1.404	-2.258	-0.061	-0.2	-74.4	-41.2
2.390	9.383	0.040	2.683	-1.526	-2.197	0.000	-0.2	-74.4	-41.2
2.400	9.338	0.045	2.610	-1.465	-1.770	0.000	-0.2	-74.4	-41.2
2.410	9.333	0.066	2.569	-1.587	-1.648	0.000	-0.2	-74.4	-41.2
2.420	9.375	0.023	2.649	-1.709	-1.648	0.122	-0.2	-74.4	-41.2
2.430	9.349	0.036	2.539	-1.831	-1.709	0.183	-0.2	-74.4	-41.2
2.440	9.365	0.042	2.558	-2.014	-1.648	0.061	-0.2	-74.4	-41.2
2.450	9.344	0.028	2.566	-2.197	-1.648	0.000	-0.2	-74.4	-41.2
2.460	9.343	0.032	2.558	-2.258	-1.892	0.000	-0.2	-74.4	-41.2
2.470	9.345	0.019	2.563	-2.258	-1.892	0.000	-0.2	-74.4	-41.2
2.480	9.350	0.011	2.599	-2.258	-2.136	0.000	-0.2	-74.4	-41.2
2.490	9.351	0.012	2.563	-2.258	-1.892	0.000	-0.2	-74.4	-41.2
2.500	9.370	-0.004	2.583	-2.319	-1.709	0.000	-0.2	-74.4	-41.2
2.510	9.338	-0.041	2.615	-2.319	-1.831	-0.183	-0.2	-74.4	-41.2
2.520	9.314	-0.003	2.564	-2.258	-2.014	-0.305	-0.2	-74.4	-41.2
2.530	9.343	-0.047	2.606	-2.197	-2.014	-0.366	-0.2	-74.4	-41.3
2.540	9.301	-0.029	2.587	-2.197	-2.197	-0.488	-0.2	-74.4	-41.3
2.550	9.300	0.004	2.649	-2.258	-2.075	-0.549	-0.2	-74.4	-41.3
2.560	9.304	0.025	2.626	-2.319	-2.014	-0.610	-0.1	-74.4	-41.3
2.570	9.343	-0.002	2.687	-2.258	-1.953	-0.549	-0.1	-74.4	-41.3
2.580	9.344	0.011	2.632	-2.075	-1.770	-0.427	-0.1	-74.4	-41.4
2.590	9.354	-0.034	2.686	-1.831	-1.648	-0.305	-0.1	-74.4	-41.4
2.600	9.371	-0.042	2.636	-1.831	-1.587	-0.061	-0.1	-74.4	-41.4
2.610	9.385	-0.068	2.577	-1.709	-1.831	0.000	-0.1	-74.4	-41.4
2.620	9.423	-0.072	2.545	-1.709	-1.770	0.183	-0.1	-74.4	-41.4
2.630	9.365	-0.045	2.547	-1.953	-1.831	0.061	-0.2	-74.4	-41.3
2.640	9.400	0.008	2.569	-2.075	-1.892	0.000	-0.2	-74.4	-41.3
2.650	9.352	0.001	2.632	-2.136	-1.648	-0.061	-0.2	-74.4	-41.3
2.660	9.400	0.029	2.665	-2.014	-1.465	-0.061	-0.2	-74.4	-41.4
2.670	9.379	-0.027	2.704	-1.770	-1.221	0.000	-0.2	-74.4	-41.4
2.680	9.382	-0.013	2.714	-1.648	-1.343	-0.305	-0.2	-74.4	-41.4
2.690	9.344	0.001	2.779	-1.709	-1.343	-0.427	-0.2	-74.4	-41.4
2.700	9.352	-0.035	2.650	-1.709	-1.160	-0.427	-0.2	-74.4	-41.4
2.710	9.312	-0.031	2.648	-1.831	-0.916	-0.427	-0.2	-74.4	-41.4
2.720	9.267	0.014	2.642	-1.831	-0.549	-0.305	-0.1	-74.3	-41.4
2.730	9.252	0.034	2.618	-1.709	-0.549	-0.366	-0.1	-74.3	-41.4
2.740	9.303	0.030	2.574	-1.465	-0.854	-0.244	-0.1	-74.3	-41.5
2.750	9.307	-0.048	2.594	-1.404	-1.038	-0.061	-0.1	-74.3	-41.5
2.760	9.348	-0.046	2.612	-1.404	-1.038	0.122	-0.1	-74.3	-41.5
2.770	9.368	-0.099	2.627	-1.404	-1.343	0.061	-0.1	-74.3	-41.4
2.780	9.357	-0.083	2.650	-1.465	-1.465	0.122	-0.1	-74.3	-41.4
2.790	9.375	-0.045	2.626	-1.648	-1.526	0.122	-0.2	-74.3	-41.4
2.800	9.345	-0.001	2.671	-1.587	-1.526	0.183	-0.2	-74.3	-41.4
2.810	9.389	0.030	2.697	-1.648	-1.465	0.122	-0.2	-74.3	-41.4
2.820	9.326	0.014	2.671	-1.404	-1.343	0.122	-0.2	-74.3	-41.4
2.830	9.310	-0.003	2.708	-1.404	-1.221	0.000	-0.2	-74.3	-41.4
2.840	9.327	-0.026	2.663	-1.160	-1.221	0.000	-0.2	-74.3	-41.4
2.850	9.281	-0.008	2.606	-1.099	-1.160	0.000	-0.2	-74.3	-41.4
2.860	9.327	-0.050	2.619	-1.221	-1.404	0.000	-0.2	-74.3	-41.4
2.870	9.334	-0.032	2.620	-1.282	-1.465	0.061	-0.2	-74.3	-41.4
2.880	9.294	0.012	2.607	-1.221	-1.526	0.061	-0.2	-74.2	-41.4
2.890	9.343	0.005	2.644	-1.343	-1.587	0.122	-0.2	-74.2	-41.4
2.900	9.362	0.010	2.575	-1.343	-1.709	0.183	-0.2	-74.2	-41.4
2.910	9.371	-0.022	2.615	-1.404	-1.709	0.305	-0.2	-74.3	-41.4
2.920	9.389	-0.009	2.565	-1.282	-1.648	0.183	-0.2	-74.3	-41.4
2.930	9.349	-0.044	2.607	-1.038	-1.587	0.122	-0.2	-74.3	-41.4
2.940	9.373	-0.029	2.629	-0.916	-1.465	0.244	-0.2	-74.2	-41.3
2.950	9.394	-0.044	2.607	-0.916	-1.587	0.122	-0.2	-74.2	-41.3
2.960	9.371	-0.013	2.651	-1.038	-1.282	0.061	-0.2	-74.2	-41.3
2.970	9.344	0.038	2.728	-1.282	-1.343	0.061	-0.2	-74.2	-41.3
2.980	9.327	0.044	2.663	-1.404	-1.282	0.061	-0.2	-74.2	-41.3
2.990	9.337	0.047	2.654	-1.404	-1.221	0.122	-0.2	-74.2	-41.3
3.000	9.320	0.048	2.614	-1.404	-1.343	0.061	-0.2	-74.2	-41.3
3.010	9.313	0.006	2.623	-1.404	-1.404	0.122	-0.2	-74.2	-41.4
3.020	9.289	0.019	2.636	-1.404	-1.526	0.061	-0.2	-74.2	-41.4
3.030	9.260	0.041	2.659	-1.404	-1.648	0.183	-0.2	-74.2	-41.4
3.040	9.290	0.005	2.599	-1.404	-1.526	0.244	-0.2	-74.2	-41.4
3.050	9.265	-0.009	2.631	-1.404	-1.709	0.183	-0.2	-74.2	-41.3
3.060	9.276	-0.007	2.687	-1.404	-1.770	0.061	-0.2	-74.2	-41.3
3.070	9.308	0.025	2.610	-1.282	-1.953	0.000	-0.2	-74.2	-41.3
3.080	9.351	-0.017	2.648	-1.282	-2.014	0.061	-0.2	-74.2	-41.3
3.090	9.321	-0.025	2.703	-1.404	-2.136	0.000	-0.2	-74.2	-41.3
3.100	9.346	0.023	2.630	-1.282	-1.892	-0.061	-0.2	-74.2	-41.3
3.110	9.351	0.018	2.661	-1.343	-1.648	-0.122	-0.2	-74.2	-41.4
3.120	9.340	0.040	2.660	-1.404	-1.709	-0.183	-0.2	-74.2	-41.4
3.130	9.362	0.062	2.712	-1.587	-1.648	0.000	-0.2	-74.2	-41.4
3.140	9.337	0.048	2.614	-1.587	-1.526	0.000	-0.2	-74.2	-41.4
3.150	9.358	0.040	2.644	-1.526	-1.221	0.122	-0.2	-74.2	-41.4
3.160	9.360	-0.003	2.705	-1.465	-1.526	0.061	-0.2	-74.2	-41.4
3.170	9.350	-0.019	2.699	-1.648	-1.709	0.061	-0.2	-74.2	-41.4
3.180	9.342	0.007	2.655	-1.587	-1.465	0.183	-0.2	-74.2	-41.4
3.190	9.322	0.013	2.624	-1.831	-1.221	0.183	-0.2	-74.2	-41.4
3.200	9.327	0.016	2.724	-2.014	-0.977	0.183	-0.2	-74.2	-41.4
3.210	9.342	0.047	2.649	-2.075	-1.160	0.122	-0.2	-74.2	-41.4
3.220	9.312	0.038	2.647	-1.953	-1.282	0.122	-0.2	-74.2	-41.4
3.230	9.343	0.013	2.668	-1.953	-0.916	0.061	-0.2	-74.2	-41.4
3.240	9.309	-0.002	2.681	-1.953	-0.916	-0.122	-0.2	-74.1	-41.4
3.250	9.327	0.026	2.635	-2.075	-1.221	-0.244	-0.2	-74.1	-41.4
3.260	9.342	0.032	2.685	-2.136	-1.282	-0.183	-0.2	-74.1	-41.4
3.270	9.344	-0.008	2.679	-2.258	-1.038	-0.183	-0.2	-74.1	-41.4
3.280	9.314	0.062	2.662	-2.075	-0.977	-0.122	-0.2	-74.1	-41.5
3.290	9.336	0.034	2.679	-2.075	-1.099	-0.183	-0.2	-74.1	-41.5
3.300	9.342	0.050	2.696	-2.075	-1.282	-0.122	-0.2	-74.1	-41.5
3.310	9.310	0.005	2.668	-2.075	-1.343	0.000	-0.2	-74.1	-41.5
3.320	9.298	-0.053	2.662	-1.831	-1.587	0.061	-0.2	-74.1	-41.5
3.330	9.309	-0.016	2.677	-1.709	-1.709	0.000	-0.2	-74.1	-41.5
3.340	9.266	-0.034	2.669	-1.709	-1.648	0.122	-0.2	-74.1	-41.5
3.350	9.281	-0.059	2.680	-1.648	-1.648	0.061	-0.2	-74.1	-41.5
3.360	9.275	0.014	2.663	-1.587	-1.709	0.183	-0.2	-74.1	-41.5
3.370	9.331	0.011	2.679	-1.587	-1.709	0.000	-0.2	-74.1	-41.5
3.380	9.314	0.026	2.643	-1.587	-1.526	0.000	-0.2	-74.1	-41.5
3.390	9.326	0.001	2.653	-1.831	-1.709	-0.061	-0.2	-74.1	-41.5
3.400	9.380	0.062	2.689	-2.014	-1.770	-0.061	-0.2	-74.1	-41.5
3.410	9.356	0.017	2.639	-2.014	-1.770	-0.061	-0.2	-74.1	-41.5
3.420	9.354	0.053	2.684	-1.953	-1.709	0.000	-0.2	-74.1	-41.5
3.430	9.345	0.032	2.745	-1.831	-1.465	0.000	-0.2	-74.1	-41.5
3.440	9.327	-0.011	2.693	-1.709	-1.343	-0.061	-0.2	-74.1	-41.5
3.450	9.312	-0.001	2.692	-1.709	-1.404	-0.122	-0.2	-74.1	-41.5
3.460	9.340	-0.021	2.690	-1.770	-1.221	0.000	-0.2	-74.1	-41.5
3.470	9.289	-0.039	2.669	-1.648	-1.221	0.000	-0.2	-74.0	-41.5
3.480	9.297	-0.017	2.639	-1.648	-1.526	0.000	-0.2	-74.0	-41.5
3.490	9.300	0.016	2.651	-1.587	-1.648	0.000	-0.2	-74.0	-41.5
3.500	9.296	-0.009	2.694	-1.648	-1.709	-0.061	-0.2	-74.0	-41.5
3.510	9.308	0.011	2.711	-1.526	-1.648	0.000	-0.2	-74.0	-41.5
3.520	9.343	-0.034	2.741	-1.465	-1.648	0.000	-0.2	-74.0	-41.5
3.530	9.370	-0.007	2.722	-1.343	-1.709	0.000	-0.2	-74.0	-41.5
3.540	9.315	-0.001	2.779	-1.160	-1.709	0.000	-0.2	-74.0	-41.5
3.550	9.339	-0.013	2.756	-1.404	-1.465	0.061	-0.2	-74.0	-41.5
3.560	9.338	-0.059	2.740	-1.404	-1.282	0.122	-0.2	-74.0	-41.5
3.570	9.271	-0.016	2.596	-1.587	-1.221	0.000	-0.2	-74.0	-41.5
3.580	9.251	0.000	2.698	-1.770	-1.160	-0.061	-0.2	-74.0	-41.5
3.590	9.324	0.045	2.657	-1.709	-1.282	0.000	-0.2	-74.0	-41.5
3.600	9.318	0.036	2.732	-1.648	-1.099	0.122	-0.2	-74.0	-41.5
3.610	9.321	0.054	2.734	-1.709	-0.977	0.183	-0.2	-74.0	-41.5
3.620	9.340	0.026	2.681	-1.709	-0.916	0.244	-0.2	-74.0	-41.5
3.630	9.328	-0.027	2.687	-1.526	-0.916	0.305	-0.2	-74.0	-41.5
3.640	9.290	-0.026	2.728	-1.404	-1.038	0.122	-0.2	-73.9	-41.5
3.650	9.277	-0.048	2.636	-1.404	-1.282	0.000	-0.2	-73.9	-41.5
3.660	9.267	-0.004	2.582	-1.404	-1.587	0.000	-0.2	-73.9	-41.5
3.670	9.291	-0.027	2.672	-1.465	-1.770	0.000	-0.3	-73.9	-41.5
3.680	9.324	0.013	2.630	-1.587	-1.953	0.000	-0.3	-73.9	-41.5
3.690	9.314	0.042	2.644	-1.709	-2.014	0.000	-0.3	-73.9	-41.5
3.700	9.365	-0.027	2.660	-1.770	-1.892	0.183	-0.3	-74.0	-41.5
3.710	9.369	0.025	2.633	-1.648	-1.953	0.183	-0.3	-74.0	-41.5
3.720	9.395	0.024	2.662	-1.831	-1.892	0.183	-0.3	-74.0	-41.5
3.730	9.486	0.013	2.615	-2.075	-1.587	0.183	-0.3	-74.0	-41.5
3.740	9.428	-0.047	2.525	-2.747	-0.671	0.183	-0.3	-74.0	-41.5
3.750	9.308	-0.080	2.675	-3.235	0.183	0.549	-0.3	-73.9	-41.5
3.760	9.224	-0.107	2.718	-2.930	0.000	0.732	-0.4	-73.9	-41.4
3.770	9.156	-0.166	2.705	-1.709	-0.916	0.732	-0.4	-73.9	-41.4
3.780	9.155	-0.277	2.745	-0.244	-1.770	0.305	-0.5	-73.9	-41.4
3.790	9.263	-0.291	2.577	0.427	-2.808	-0.305	-0.5	-73.9	-41.3
3.800	9.306	-0.106	2.467	-0.671	-2.502	-0.793	-0.5	-73.9	-41.3
3.810	9.374	0.116	2.677	-2.686	-0.671	-0.366	-0.5	-73.9	-41.3
3.820	9.370	0.152	2.604	-3.357	0.854	0.244	-0.5	-73.9	-41.3
3.830	9.243	0.165	2.472	-2.747	1.648	0.183	-0.5	-73.9	-41.4
3.840	9.046	0.091	2.583	-2.258	1.404	-0.488	-0.5	-73.9	-41.4
3.850	9.138	0.148	2.959	-1.709	-0.183	-1.404	-0.4	-73.8	-41.5
3.860	9.486	0.280	2.703	-1.404	-3.418	-1.648	-0.3	-73.8	-41.6
3.870	9.781	0.176	2.525	-1.648	-4.700	-0.977	-0.2	-73.9	-41.6
3.880	9.814	-0.071	2.636	-2.441	-2.930	-0.183	-0.2	-73.9	-41.7
3.890	9.746	-0.168	2.693	-2.625	-0.916	0.122	-0.2	-73.9	-41.7
3.900	9.537	-0.180	2.629	-2.625	-0.671	-0.061	-0.3	-73.9	-41.6
3.910	9.403	-0.071	2.556	-2.869	-0.610	-0.122	-0.3	-73.9	-41.6
3.920	9.312	-0.025	2.558	-3.296	0.061	-0.305	-0.3	-73.9	-41.6
3.930	9.261	0.020	2.662	-3.784	0.610	-0.183	-0.3	-73.9	-41.6
3.940	9.303	0.067	2.657	-4.272	0.122	0.000	-0.3	-73.8	-41.7
3.950	9.340	0.026	2.645	-4.578	-0.488	0.183	-0.4	-73.8	-41.7
3.960	9.388	-0.027	2.571	-4.700	-0.427	0.488	-0.4	-73.8	-41.6
3.970	9.357	-0.229	2.580	-4.639	-0.122	0.671	-0.5	-73.8	-41.6
3.980	9.234	-0.343	2.484	-4.272	0.549	0.427	-0.6	-73.8	-41.6
3.990	9.161	-0.364	2.553	-4.150	0.671	0.305	-0.6	-73.8	-41.5
4.000	9.209	-0.350	2.627	-3.479	0.305	-0.122	-0.7	-73.7	-41.4
4.010	9.320	-0.296	2.575	-2.991	-1.038	-0.488	-0.8	-73.7	-41.4
4.020	9.434	-0.254	2.520	-2.258	-2.075	-0.854	-0.8	-73.7	-41.4
4.030	9.495	-0.254	2.417	-1.526	-2.808	-1.099	-0.8	-73.8	-41.4
4.040	9.571	-0.205	2.350	-0.793	-2.747	-1.770	-0.8	-73.8	-41.4
4.050	9.543	-0.004	2.333	-0.977	-1.404	-2.808	-0.7	-73.8	-41.5
4.060	9.537	0.226	2.465	-2.014	0.244	-3.601	-0.6	-73.8	-41.7
4.070	9.515	0.358	2.602	-3.540	1.892	-4.272	-0.4	-73.8	-41.8
4.080	9.528	0.484	2.568	-4.211	3.418	-4.883	-0.2	-73.8	-42.1
4.090	9.413	0.472	2.501	-4.028	4.822	-5.798	0.0	-73.7	-42.4
4.100	9.279	0.439	2.443	-3.540	5.371	-6.714	0.3	-73.6	-42.7
4.110	9.247	0.236	2.428	-3.296	5.127	-7.141	0.6	-73.6	-43.0
4.120	9.308	0.038	2.414	-3.296	4.395	-7.141	0.8	-73.5	-43.2
4.130	9.502	-0.072	2.453	-2.869	2.686	-7.202	1.1	-73.5	-43.5
4.140	9.589	-0.183	2.327	-1.709	1.709	-7.385	1.3	-73.5	-43.7
4.150	9.519	-0.197	2.209	-0.916	2.502	-6.897	1.5	-73.5	-43.9
4.160	9.387	-0.248	2.209	-0.549	3.662	-6.165	1.7	-73.4	-44.1
4.170	9.254	-0.252	2.349	0.305	3.906	-5.432	1.8	-73.4	-44.3
4.180	9.261	-0.327	2.347	1.587	4.150	-4.150	1.9	-73.4	-44.4
4.190	9.249	-0.284	2.444	1.953	4.883	-2.441	2.0	-73.3	-44.4
4.200	9.237	-0.284	2.277	1.648	5.554	-0.427	2.0	-73.3	-44.4
4.210	9.167	-0.205	2.307	0.488	4.700	1.526	1.9	-73.2	-44.3
4.220	9.052	-0.126	2.209	-0.793	2.686	2.686	1.8	-73.2	-44.1
4.230	9.055	-0.021	2.346	-1.831	0.671	3.296	1.7	-73.2	-44.0
4.240	9.027	-0.116	2.442	-2.502	-0.488	3.662	1.5	-73.2	-43.9
4.250	9.009	-0.121	2.553	-2.991	-0.977	3.906	1.3	-73.2	-43.7
4.260	8.908	-0.119	2.523	-3.601	-1.038	4.089	1.2	-73.2	-43.5
4.270	8.882	-0.202	2.606	-4.822	-0.977	4.822	1.0	-73.2	-43.4
4.280	8.918	-0.319	2.554	-5.188	-0.488	6.287	0.7	-73.2	-43.1
4.290	8.899	-0.493	2.509	-5.249	0.671	8.301	0.3	-73.2	-42.8
4.300	8.762	-0.526	2.357	-4.883	1.404	10.376	-0.1	-73.1	-42.4
4.310	8.642	-0.453	2.235	-5.066	2.380	13.062	-0.6	-73.1	-41.9
4.320	8.455	-0.376	2.347	-6.104	3.418	16.418	-1.3	-73.1	-41.3
4.330	8.382	-0.386	2.481	-7.690	4.089	19.836	-2.0	-73.0	-40.6
4.340	8.353	-0.230	2.521	-9.033	4.822	22.583	-2.8	-72.9	-39.8
4.350	8.433	-0.131	2.596	-10.132	5.798	24.353	-3.7	-72.9	-39.0
4.360	8.751	-0.025	2.864	-10.925	6.653	25.085	-4.5	-72.8	-38.2
4.370	9.275	0.004	2.930	-11.841	5.737	25.024	-5.4	-72.7	-37.4
4.380	9.828	-0.004	2.848	-12.146	4.517	24.963	-6.2	-72.6	-36.6
4.390	10.089	-0.190	2.861	-11.292	4.028	25.085	-7.1	-72.5	-35.9
4.400	10.188	-0.212	2.694	-9.583	5.737	25.391	-7.9	-72.4	-35.1
4.410	9.895	-0.021	2.463	-5.310	9.766	25.696	-8.6	-72.3	-34.3
4.420	9.095	0.517	2.005	-2.991	13.367	29.114	-9.4	-72.1	-33.6
4.430	9.148	0.390	2.194	-1.526	14.404	32.593	-10.2	-72.0	-32.7
4.440	8.911	0.678	1.640	-2.502	9.155	34.058	-11.0	-71.8	-31.8
4.450	9.563	0.699	1.945	-5.310	6.104	35.706	-11.9	-71.7	-30.9
4.460	10.565	0.113	1.781	-7.874	0.671	30.884	-12.8	-71.7	-30.1
4.470	10.955	-0.110	2.056	-7.874	3.174	25.269	-13.5	-71.7	-29.3
4.480	11.470	-0.403	1.922	-10.132	3.052	18.982	-14.2	-71.6	-28.7
4.490	10.952	-0.137	1.847	-9.644	8.423	12.573	-14.6	-71.6	-28.4
4.500	10.104	-0.221	2.304	-10.254	11.475	8.728	-14.8	-71.5	-28.2
4.510	9.968	-0.161	2.499	-9.094	6.897	4.822	-14.9	-71.4	-28.2
4.520	10.118	-0.060	2.197	-6.775	4.761	1.953	-15.0	-71.4	-28.2
4.530	10.044	0.026	1.927	-4.944	7.202	0.916	-14.9	-71.4	-28.3
4.540	10.018	0.074	1.772	-5.615	9.338	0.793	-14.8	-71.3	-28.5
4.550	10.032	-0.211	1.769	-3.418	11.414	0.366	-14.7	-71.3	-28.6
4.560	10.106	-0.485	1.755	-3.479	12.024	-0.610	-14.6	-71.2	-28.8
4.570	9.921	-0.458	1.620	-3.357	11.719	-1.099	-14.4	-71.2	-28.9
4.580	9.585	-0.388	1.466	-3.357	12.390	-0.977	-14.3	-71.1	-29.0
4.590	9.260	-0.376	1.538	-3.357	14.099	0.061	-14.2	-71.0	-29.2
4.600	8.954	-0.326	1.693	-3.601	14.526	1.770	-14.2	-70.9	-29.3
4.610	8.865	-0.284	1.677	-3.784	13.794	3.296	-14.2	-70.8	-29.3
4.620	8.830	-0.209	1.665	-3.845	13.855	4.700	-14.2	-70.7	-29.3
4.630	9.040	-0.186	1.713	-4.517	13.123	5.920	-14.2	-70.6	-29.3
4.640	9.064	-0.147	1.547	-5.249	13.000	6.714	-14.3	-70.5	-29.2
4.650	9.076	-0.015	1.684	-7.874	12.817	7.324	-14.4	-70.4	-29.2
4.660	9.357	0.001	1.608	-5.859	13.428	7.324	-14.5	-70.3	-29.1
4.670	9.650	-0.093	1.681	-6.104	14.893	6.958	-14.6	-70.2	-29.1
4.680	9.678	0.028	1.755	-6.470	15.198	5.981	-14.6	-70.1	-29.1
4.690	9.672	-0.053	1.752	-7.080	14.648	5.310	-14.7	-70.0	-29.1
4.700	9.449	0.042	1.663	-7.202	14.038	4.395	-14.7	-69.9	-29.1
4.710	9.550	0.004	1.841	-10.071	12.451	3.052	-14.7	-69.9	-29.2
4.720	9.579	0.147	1.690	-9.155	11.902	0.671	-14.6	-69.8	-29.3
4.730	9.764	0.129	1.693	-9.888	12.695	-1.160	-14.5	-69.7	-29.5
4.740	9.898	0.332	1.475	-10.132	12.939	-3.174	-14.4	-69.7	-29.8
4.750	9.962	0.395	1.584	-12.939	13.611	-4.700	-14.2	-69.7	-30.1
4.760	9.952	0.547	1.585	-14.526	12.634	-6.042	-14.0	-69.6	-30.4
4.770	10.035	0.638	1.620	-17.456	11.963	-7.751	-13.7	-69.6	-30.9
4.780	10.175	0.675	2.116	-21.545	12.878	-9.521	-13.5	-69.6	-31.3
4.790	10.284	0.930	1.865	-26.672	11.169	-11.536	-13.2	-69.5	-31.9
4.800	10.413	1.854	2.179	-29.846	7.935	-11.902	-12.9	-69.6	-32.5
4.810	10.238	1.396	2.863	-31.250	8.240	-9.521	-12.6	-69.6	-33.1
4.820	10.297	1.128	3.945	-31.433	4.578	-7.080	-12.4	-69.6	-33.5
4.830	10.418	-0.288	5.261	-28.503	0.183	-5.676	-12.3	-69.5	-33.9
4.840	11.235	-2.755	6.043	-21.301	-7.996	-6.836	-12.4	-69.5	-34.1
4.850	12.117	-5.434	3.546	-10.559	-18.616	-13.123	-12.6	-69.6	-34.1
4.860	11.478	-4.527	1.754	-4.639	-13.550	-20.569	-12.8	-69.8	-34.0
4.870	10.691	-2.623	2.960	0.977	-8.667	-24.353	-12.6	-70.0	-34.2
4.880	10.874	-0.963	3.215	9.521	-18.433	-27.222	-12.1	-70.2	-34.7
4.890	10.907	0.376	3.066	15.625	-20.691	-25.513	-11.3	-70.5	-35.3
4.900	10.415	1.465	3.024	16.541	-14.587	-19.226	-10.4	-70.7	-36.0
4.910	9.974	1.770	4.061	13.489	-10.132	-9.460	-9.7	-70.8	-36.6
4.920	9.883	0.889	6.053	13.855	-10.498	-1.099	-9.2	-70.9	-37.0
4.930	10.449	-1.084	7.290	18.677	-13.916	3.113	-8.9	-70.9	-37.0
4.940	10.996	-2.616	6.434	21.729	-16.846	1.343	-8.9	-70.9	-36.8
4.950	10.713	-3.189	5.263	18.066	-13.611	-4.150	-8.9	-70.9	-36.6
4.960	10.012	-3.409	5.270	16.541	-3.235	-9.583	-8.8	-70.8	-36.5
4.970	9.079	-3.060	4.592	19.592	6.104	-14.221	-8.6	-70.7	-36.6
4.980	8.186	-2.243	4.011	21.301	11.353	-17.517	-8.1	-70.6	-36.9
4.990	7.540	-1.408	4.020	23.682	11.536	-18.738	-7.5	-70.4	-37.3
5.000	7.237	-0.640	3.724	28.442	6.897	-17.334	-6.8	-70.2	-37.8
5.010	7.520	-0.132	3.580	33.447	-1.343	-16.296	-6.0	-70.2	-38.3
5.020	7.603	0.022	3.432	37.048	-7.996	-15.503	-5.1	-70.2	-38.8
5.030	8.107	0.166	3.487	39.490	-13.794	-12.573	-4.3	-70.3	-39.2
5.040	8.532	0.199	3.687	40.649	-17.395	-8.484	-3.6	-70.4	-39.5
5.050	8.733	-0.235	3.672	40.588	-20.203	-4.089	-3.0	-70.6	-39.7
5.060	8.853	-0.258	3.658	39.795	-20.752	-0.427	-2.6	-70.8	-39.7
5.070	9.061	-0.521	3.216	39.124	-20.020	2.319	-2.3	-70.9	-39.6
5.080	8.842	-0.651	3.069	34.241	-16.968	3.845	-2.1	-71.1	-39.4
5.090	8.611	-0.817	3.225	30.212	-13.916	5.493	-2.0	-71.2	-39.1
5.100	8.298	-1.408	2.873	27.832	-12.451	6.226	-2.0	-71.3	-38.8
5.110	8.066	-1.631	2.668	26.062	-13.794	4.883	-2.1	-71.4	-38.5
5.120	8.109	-1.451	2.443	25.330	-15.259	3.418	-2.2	-71.6	-38.1
5.130	7.775	-1.134	2.435	25.940	-13.672	2.686	-2.2	-71.7	-37.9
5.140	7.545	-0.871	2.180	27.466	-15.503	1.953	-2.1	-71.8	-37.7
5.150	7.528	-0.288	2.255	26.733	-17.517	1.892	-2.0	-72.0	-37.5
5.160	7.457	0.061	2.077	32.471	-19.165	1.465	-1.8	-72.2	-37.4
5.170	7.607	0.257	1.924	28.320	-21.118	2.930	-1.6	-72.4	-37.3
5.180	7.734	0.230	2.270	29.114	-22.156	5.859	-1.4	-72.6	-37.2
5.190	7.839	-0.236	1.802	27.283	-25.085	7.629	-1.3	-72.8	-36.9
5.200	7.857	-0.032	2.064	27.100	-25.757	7.507	-1.3	-73.1	-36.6
5.210	7.982	-0.424	1.925	26.123	-25.146	9.277	-1.4	-73.3	-36.3
5.220	8.124	-0.116	2.192	23.193	-24.658	10.986	-1.5	-73.6	-35.8
5.230	8.336	-0.429	1.791	21.667	-27.405	12.085	-1.7	-73.8	-35.4
5.240	8.279	-0.414	2.206	18.433	-27.954	13.123	-2.1	-74.1	-34.8
5.250	8.347	-0.676	1.806	20.264	-26.917	14.832	-2.5	-74.4	-34.2
5.260	8.337	-0.226	2.082	17.761	-22.339	16.113	-2.9	-74.6	-33.5
5.270	8.219	-0.733	1.754	25.391	-18.738	15.442	-3.3	-74.8	-32.9
5.280	7.993	-0.864	1.991	22.156	-15.869	15.137	-3.8	-74.9	-32.1
5.290	7.970	-1.406	1.755	28.870	-15.625	14.343	-4.2	-75.1	-31.4
5.300	8.303	-1.447	1.629	26.184	-16.846	14.832	-4.7	-75.2	-30.6
5.310	8.771	-1.327	1.835	21.179	-20.325	15.991	-5.4	-75.4	-29.7
5.320	9.348	-0.828	1.519	16.357	-26.184	15.625	-6.1	-75.6	-28.8
5.330	9.782	-0.509	1.244	14.648	-26.489	15.869	-6.7	-75.9	-27.9
5.340	9.636	0.040	0.819	11.658	-26.184	16.479	-7.4	-76.2	-27.1
5.350	9.741	0.255	0.859	11.597	-22.949	17.517	-8.1	-76.4	-26.3
5.360	9.890	0.496	0.745	12.207	-19.531	17.517	-8.7	-76.7	-25.5
5.370	9.995	0.407	0.767	12.268	-14.709	16.846	-9.3	-76.9	-24.8
5.380	10.314	0.212	0.929	13.367	-9.583	15.320	-9.8	-77.0	-24.1
5.390	10.419	0.219	1.004	15.259	-6.104	12.939	-10.2	-77.1	-23.5
5.400	10.780	-0.059	0.521	19.959	-2.991	10.437	-10.4	-77.2	-23.1
5.410	10.819	0.024	0.524	13.306	0.549	8.606	-10.6	-77.2	-22.7
5.420	10.899	-0.161	0.522	12.390	3.479	6.226	-10.7	-77.2	-22.5
5.430	10.907	-0.204	0.384	13.306	2.258	3.845	-10.7	-77.3	-22.3
5.440	10.845	-0.303	-0.161	13.367	0.732	1.831	-10.7	-77.3	-22.2
5.450	10.055	-0.342	0.379	8.484	8.545	-0.488	-10.6	-77.4	-22.2
5.460	9.399	-0.897	1.456	1.038	12.939	-3.662	-10.4	-77.3	-22.3
5.470	9.176	-1.126	1.736	-1.038	6.042	-8.301	-10.1	-77.2	-22.6
5.480	9.143	-0.952	1.549	-1.465	-5.615	-14.343	-9.7	-77.3	-23.0
5.490	9.040	-0.180	1.189	-4.211	-13.428	-19.165	-9.1	-77.4	-23.7
5.500	9.163	0.830	1.281	-10.803	-10.376	-18.555	-8.4	-77.6	-24.5
5.510	9.203	1.288	2.056	-13.916	-0.244	-12.756	-7.6	-77.6	-25.4
5.520	8.565	-0.878	5.139	-15.320	2.747	-2.747	-7.2	-77.6	-25.9
5.530	9.251	-2.651	10.585	-21.545	-15.564	13.367	-7.9	-77.4	-25.4
5.540	12.194	-1.293	11.461	-26.306	-61.096	32.776	-9.9	-77.5	-23.6
5.550	16.351	2.262	6.007	-30.762	-88.318	55.786	-12.8	-77.9	-20.9
5.560	14.941	1.565	-0.484	-33.508	-36.560	78.552	-16.5	-78.2	-17.5
5.570	9.970	0.363	2.862	-31.189	41.443	78.674	-19.7	-77.9	-14.4
5.580	8.529	-0.657	8.166	-15.198	55.725	68.909	-21.6	-77.0	-12.6
5.590	10.561	-1.151	8.192	-10.254	28.809	57.068	-23.0	-76.1	-11.3
5.600	12.846	-1.419	5.415	-8.118	8.179	43.518	-24.2	-75.6	-10.1
5.610	14.374	-1.754	3.538	-13.733	6.287	31.799	-25.3	-75.3	-9.1
5.620	14.283	-1.623	3.737	-20.935	22.583	21.667	-26.0	-75.0	-8.6
5.630	12.400	-0.636	4.040	-26.062	33.936	14.771	-26.1	-74.7	-8.7
5.640	10.965	-0.234	3.924	-24.902	33.142	7.874	-25.9	-74.3	-9.1
5.650	9.234	0.638	2.808	-25.635	31.189	-1.343	-25.4	-73.9	-9.9
5.660	8.869	0.731	3.009	-26.550	27.710	-10.010	-24.7	-73.7	-10.9
5.670	8.332	0.783	2.424	-26.489	27.527	-13.794	-23.8	-73.5	-12.0
5.680	7.700	0.953	2.246	-31.555	25.818	-15.198	-23.0	-73.4	-13.1
5.690	7.444	0.695	2.213	-27.954	26.672	-15.137	-22.2	-73.2	-14.2
5.700	7.412	0.448	1.605	-28.564	27.954	-14.587	-21.5	-73.0	-15.3
5.710	6.955	0.806	1.682	-29.419	31.250	-13.855	-20.8	-72.8	-16.3
5.720	6.916	0.373	1.746	-30.823	32.043	-12.451	-20.1	-72.5	-17.3
5.730	6.308	0.457	1.725	-32.959	29.846	-12.451	-19.5	-72.3	-18.2
5.740	6.633	0.344	1.895	-33.997	22.095	-13.733	-19.1	-72.1	-19.0
5.750	6.343	-0.037	1.727	-39.490	15.015	-15.808	-18.7	-72.0	-19.8
5.760	6.483	-0.573	1.885	-39.551	8.301	-17.883	-18.4	-72.0	-20.5
5.770	6.845	-1.177	1.587	-38.269	4.578	-18.921	-18.1	-72.0	-21.2
5.780	6.666	-1.511	1.538	-39.856	5.066	-19.470	-18.0	-72.0	-21.7
5.790	7.010	-1.663	2.131	-33.752	8.972	-19.592	-17.8	-72.0	-22.3
5.800	7.426	-1.590	1.737	-28.992	6.104	-20.264	-17.5	-71.9	-22.9
5.810	7.730	-1.577	1.458	-26.794	10.986	-18.188	-17.3	-71.9	-23.4
5.820	7.691	-0.816	1.519	-21.851	14.099	-16.663	-17.0	-71.8	-23.9
5.830	7.462	-0.800	1.718	-17.334	19.165	-14.160	-16.6	-71.7	-24.5
5.840	8.006	-1.012	2.028	-14.709	16.724	-12.329	-16.3	-71.6	-25.1
5.850	8.599	-1.020	1.854	-13.428	12.451	-11.108	-16.0	-71.5	-25.5
5.860	9.057	-0.797	1.823	-14.893	8.057	-10.498	-15.8	-71.4	-25.9
5.870	9.308	-0.677	1.351	-10.925	8.301	-8.789	-15.6	-71.4	-26.2
5.880	9.478	-0.798	1.518	-9.583	9.094	-8.118	-15.4	-71.4	-26.5
5.890	9.486	-0.688	1.500	-7.813	8.972	-8.606	-15.2	-71.4	-26.8
5.900	9.647	-0.351	1.185	-8.118	6.042	-10.742	-14.9	-71.4	-27.1
5.910	9.614	0.129	0.657	-9.827	3.235	-13.000	-14.6	-71.5	-27.6
5.920	9.316	0.502	0.279	-12.939	2.136	-13.794	-14.2	-71.6	-28.1
5.930	9.064	0.965	0.327	-16.602	2.136	-13.000	-13.9	-71.7	-28.6
5.940	9.166	1.434	0.847	-18.982	0.977	-11.902	-13.5	-71.8	-29.2
5.950	9.385	1.835	1.213	-20.935	-3.784	-11.597	-13.1	-72.0	-29.8
5.960	9.965	2.310	1.386	-22.034	-9.521	-11.536	-12.7	-72.1	-30.4
5.970	9.780	2.697	1.350	-22.278	-13.611	-8.606	-12.3	-72.4	-31.0
5.980	9.430	2.089	1.819	-22.644	-14.954	-2.258	-12.0	-72.6	-31.4
5.990	9.443	0.746	2.623	-32.043	-22.522	4.272	-12.2	-72.8	-31.5
6.000	10.613	-2.932	4.885	-26.367	-26.672	2.258	-12.7	-73.1	-31.3
6.010	11.330	-5.082	8.368	-13.733	-14.343	-10.071	-13.1	-73.1	-31.0
6.020	11.315	-4.151	9.916	-6.592	-18.066	-27.344	-13.0	-73.0	-31.3
6.030	13.453	-3.132	10.381	-0.061	-46.326	-47.913	-12.1	-73.2	-32.2
6.040	15.740	-6.816	10.215	39.246	-49.438	-57.922	-10.6	-73.5	-33.5
6.050	13.596	-4.833	7.643	56.763	-28.442	-62.195	-9.0	-73.6	-34.7
6.060	10.195	0.136	5.359	44.617	-21.545	-60.669	-6.9	-73.8	-36.4
6.070	8.420	2.250	4.567	26.917	-17.151	-54.443	-4.4	-73.9	-38.5
6.080	7.657	2.036	5.136	14.343	-6.348	-47.241	-2.2	-73.9	-40.7
6.090	6.737	2.551	5.867	6.592	-4.944	-39.368	-0.3	-73.8	-42.5
6.100	8.063	2.204	4.895	-2.625	-21.790	-30.090	1.2	-73.8	-44.1
6.110	9.866	0.613	5.060	-1.404	-27.405	-21.118	2.3	-73.9	-45.2
6.120	11.901	-1.334	4.944	4.639	-30.884	-13.367	2.9	-74.1	-45.8
6.130	14.039	-2.854	2.937	10.620	-34.912	-11.475	3.2	-74.4	-46.0
6.140	14.026	-3.555	1.554	13.367	-15.015	-12.207	3.3	-74.7	-45.9
6.150	12.140	-3.389	2.785	18.250	12.756	-11.902	3.3	-74.7	-45.8
6.160	9.234	-3.143	4.364	24.475	25.024	-9.949	3.2	-74.4	-45.6
6.170	7.881	-1.901	4.771	31.311	9.338	-10.803	3.4	-74.2	-45.4
6.180	8.136	-0.386	3.809	34.424	-11.230	-9.888	3.8	-74.1	-45.5
6.190	8.658	-0.524	3.795	28.992	-16.052	-6.775	4.4	-74.2	-45.7
6.200	8.919	0.069	3.309	25.452	-19.775	-6.470	4.8	-74.3	-45.9
6.210	8.672	0.181	2.323	23.315	-15.564	-3.479	5.3	-74.4	-46.1
6.220	8.298	0.320	2.419	18.066	-9.155	0.549	5.5	-74.5	-46.2
6.230	7.694	-0.101	2.582	15.381	-8.362	4.150	5.6	-74.6	-46.1
6.240	7.970	-0.045	2.243	12.268	-13.489	7.080	5.5	-74.7	-45.8
6.250	7.360	-0.380	1.840	10.620	-13.428	8.972	5.3	-74.8	-45.5
6.260	7.296	-0.981	1.682	10.437	-9.460	11.841	4.9	-74.9	-45.0
6.270	7.108	-1.631	1.810	12.390	-6.653	13.916	4.3	-75.0	-44.3
6.280	6.861	-1.784	1.775	13.733	-7.385	14.587	3.6	-75.1	-43.4
6.290	7.244	-1.697	1.701	19.653	-12.878	14.771	3.0	-75.2	-42.6
6.300	8.182	-1.020	1.434	20.508	-20.264	15.442	2.4	-75.4	-41.7
6.310	8.024	-0.688	0.588	26.978	-20.813	17.822	1.8	-75.6	-40.9
6.320	7.794	-0.438	0.944	22.888	-14.221	21.851	1.2	-75.8	-40.0
6.330	6.901	-0.602	0.837	30.701	-13.977	22.827	0.5	-76.0	-39.0
6.340	7.177	-0.426	1.167	26.001	-19.165	24.902	-0.3	-76.2	-37.8
6.350	7.399	-0.327	1.542	26.062	-23.987	26.001	-1.2	-76.4	-36.7
6.360	7.845	-0.959	0.953	31.372	-26.855	23.926	-2.0	-76.7	-35.5
6.370	7.936	-0.381	0.880	24.780	-26.367	21.118	-2.8	-76.9	-34.4
6.380	7.821	0.047	1.130	25.879	-20.569	18.860	-3.5	-77.2	-33.4
6.390	8.160	-0.509	1.004	33.508	-17.944	16.296	-3.9	-77.4	-32.6
6.400	8.264	-0.408	1.185	30.396	-12.573	14.648	-4.4	-77.5	-31.8
6.410	8.288	-0.313	1.256	32.166	-6.592	14.099	-4.8	-77.6	-31.1
6.420	8.537	-0.151	1.263	29.907	-2.930	14.343	-5.2	-77.6	-30.4
6.430	8.362	0.157	1.180	26.306	-1.099	14.709	-5.6	-77.6	-29.7
6.440	8.634	0.023	0.864	25.635	-0.854	15.320	-5.9	-77.6	-29.0
6.450	8.917	-0.007	0.783	19.592	-1.465	15.564	-6.4	-77.6	-28.4
6.460	9.465	-0.116	0.540	17.700	-1.404	15.503	-6.9	-77.7	-27.6
6.470	10.043	-0.199	0.121	15.808	-4.211	14.404	-7.4	-77.7	-26.9
6.480	10.403	-0.172	-0.744	13.367	-6.714	12.634	-7.9	-77.9	-26.3
6.490	10.182	-0.175	-0.841	8.240	-1.831	9.705	-8.3	-78.0	-25.7
6.500	9.458	-0.202	0.351	1.770	3.174	4.822	-8.6	-78.1	-25.4
6.510	8.772	-0.500	1.460	-3.296	-1.343	-1.709	-8.6	-78.1	-25.3
6.520	8.389	-0.564	2.253	-7.507	-14.221	-9.521	-8.4	-78.2	-25.6
6.530	8.567	-0.077	2.417	-9.705	-27.405	-18.127	-8.0	-78.4	-26.2
6.540	9.300	1.645	1.175	-11.230	-27.161	-23.804	-7.0	-78.7	-27.3
6.550	9.725	2.576	0.722	-16.907	-9.155	-22.095	-5.6	-78.9	-28.8
6.560	9.576	2.098	0.767	-12.878	0.488	-16.235	-4.2	-79.0	-30.3
6.570	9.133	0.509	0.470	-4.944	-2.197	-9.216	-3.2	-79.0	-31.3
6.580	8.465	-3.134	4.047	-9.705	-2.502	1.404	-3.2	-79.1	-31.4
6.590	8.853	-6.262	11.865	-25.696	-18.372	20.020	-5.1	-79.0	-29.7
6.600	12.060	-4.008	13.822	-32.104	-71.289	47.546	-8.9	-78.9	-26.3
6.610	17.092	1.737	5.764	-25.574	-104.065	83.191	-14.0	-79.3	-21.3
6.620	15.918	2.526	-0.931	-25.452	-39.001	108.398	-19.8	-79.6	-15.7
6.630	11.432	0.378	4.024	-27.466	43.823	101.990	-24.2	-79.1	-11.4
6.640	9.799	0.107	6.851	-1.160	43.762	86.731	-26.7	-78.2	-8.9
6.650	11.566	-2.026	6.277	6.042	16.541	69.641	-28.6	-77.4	-6.9
6.660	13.967	-3.514	5.274	10.925	-1.709	46.509	-30.3	-77.0	-5.0
6.670	16.059	-3.836	3.489	8.423	-8.057	23.987	-31.5	-76.8	-3.7
6.680	16.519	-2.027	2.795	3.723	11.841	8.362	-31.9	-76.6	-3.2
6.690	12.509	0.257	2.860	0.732	36.194	0.488	-31.2	-76.3	-3.9
6.700	10.730	1.034	4.327	-2.319	33.752	-7.507	-29.9	-76.0	-5.2
6.710	9.260	2.242	3.280	-6.104	24.536	-16.785	-28.3	-75.9	-6.9
6.720	9.200	2.594	3.031	-14.893	23.438	-20.935	-26.6	-75.7	-8.7
6.730	9.282	2.375	2.509	-19.897	23.376	-20.569	-25.0	-75.6	-10.5
6.740	8.986	2.443	2.459	-25.513	22.278	-19.226	-23.6	-75.5	-12.2
6.750	8.300	2.497	2.167	-30.457	22.400	-15.625	-22.3	-75.4	-13.8
6.760	8.836	1.754	1.916	-35.584	23.926	-12.573	-21.3	-75.3	-15.1
6.770	8.492	1.521	1.580	-42.725	27.832	-11.658	-20.5	-75.1	-16.3
6.780	7.521	0.779	1.866	-44.128	31.494	-9.644	-19.8	-74.9	-17.4
6.790	7.787	0.107	2.140	-44.434	26.550	-8.606	-19.4	-74.7	-18.3
6.800	8.209	-0.965	1.685	-43.030	18.188	-11.414	-19.1	-74.5	-19.1
6.810	8.143	-1.418	1.112	-41.138	16.174	-15.991	-18.8	-74.4	-19.7
6.820	7.843	-2.128	1.186	-38.757	21.667	-19.348	-18.5	-74.3	-20.5
6.830	7.030	-2.195	1.263	-35.828	24.902	-21.240	-18.2	-74.1	-21.2
6.840	6.307	-2.247	1.660	-28.687	26.550	-21.423	-17.7	-73.9	-22.0
6.850	6.162	-2.222	1.397	-23.865	22.095	-20.203	-17.2	-73.7	-22.8
6.860	5.816	-2.191	1.276	-20.752	21.667	-17.761	-16.9	-73.5	-23.4
6.870	5.937	-2.124	1.216	-20.386	19.775	-14.832	-16.6	-73.4	-23.9
6.880	6.180	-1.474	1.146	-16.663	17.517	-11.963	-16.5	-73.2	-24.3
6.890	7.025	-1.325	1.436	-16.541	19.348	-10.132	-16.2	-73.1	-24.7
6.900	7.467	-0.861	1.198	-16.296	21.667	-10.010	-16.0	-72.9	-25.1
6.910	8.042	-0.479	1.403	-14.709	22.705	-10.559	-15.6	-72.7	-25.6
6.920	8.536	0.096	1.383	-13.184	22.156	-11.108	-15.2	-72.6	-26.2
6.930	8.865	0.593	1.096	-13.245	19.897	-11.230	-14.7	-72.4	-26.8
6.940	9.583	0.530	1.043	-14.465	16.663	-10.132	-14.2	-72.4	-27.4
6.950	9.744	0.638	0.066	-16.418	7.080	-9.155	-13.9	-72.4	-27.9
6.960	9.551	0.606	-0.508	-20.630	3.601	-7.690	-13.7	-72.5	-28.3
6.970	8.942	0.751	-0.080	-23.499	7.568	-6.104	-13.6	-72.6	-28.7
6.980	8.166	1.062	0.794	-25.635	9.949	-4.456	-13.5	-72.6	-29.0
6.990	7.761	1.477	2.049	-26.917	9.094	-2.747	-13.3	-72.5	-29.4
7.000	7.998	1.482	2.499	-29.358	0.977	-0.122	-13.2	-72.5	-29.8
7.010	8.396	1.153	2.082	-32.532	-12.085	4.150	-13.4	-72.6	-29.9
7.020	8.726	0.007	1.529	-42.419	-24.231	12.390	-14.0	-72.8	-29.6
7.030	10.208	-1.905	2.477	-39.734	-33.569	13.916	-15.2	-73.1	-28.9
7.040	11.739	-3.832	5.008	-28.198	-29.053	0.916	-16.1	-73.4	-28.2
7.050	12.861	-4.346	6.515	-16.663	-26.245	-22.400	-16.4	-73.5	-28.1
7.060	13.687	-2.220	6.635	-11.414	-32.166	-44.250	-15.8	-73.7	-28.9
7.070	13.687	-0.284	7.996	4.944	-38.513	-53.345	-14.3	-74.1	-30.4
7.080	14.810	-1.813	8.455	37.170	-36.499	-48.340	-12.4	-74.4	-32.1
7.090	13.753	-2.390	6.614	43.762	-29.358	-42.419	-10.7	-74.6	-33.4
7.100	11.458	-0.341	6.535	40.894	-22.278	-38.391	-9.1	-74.7	-34.6
7.110	9.179	1.143	5.581	31.738	-10.620	-33.569	-7.3	-74.8	-36.0
7.120	8.417	0.524	4.868	16.724	-7.690	-31.494	-5.7	-74.7	-37.5
7.130	8.525	0.153	5.014	7.324	-3.113	-32.166	-4.4	-74.7	-38.8
7.140	8.364	0.452	4.484	1.465	0.061	-30.212	-3.1	-74.6	-40.0
7.150	9.563	-0.482	5.197	0.488	-6.592	-26.611	-2.0	-74.5	-41.1
7.160	11.558	-2.144	4.830	8.972	-15.747	-24.841	-1.1	-74.5	-42.0
7.170	13.144	-3.191	3.614	16.785	-17.944	-24.719	-0.5	-74.7	-42.5
7.180	12.994	-3.164	2.861	25.574	-10.925	-24.109	0.1	-74.8	-42.9
7.190	11.864	-2.815	2.491	34.607	0.305	-20.996	0.7	-74.8	-43.2
7.200	9.696	-1.911	2.886	39.551	12.024	-16.541	1.3	-74.7	-43.5
7.210	8.705	-0.676	4.288	43.030	6.104	-12.268	2.0	-74.6	-43.7
7.220	8.899	0.047	3.773	44.617	-10.803	-7.690	2.7	-74.6	-44.0
7.230	8.874	0.047	3.111	40.588	-14.954	-2.441	3.2	-74.6	-44.1
7.240	8.716	0.127	3.012	34.790	-12.146	1.831	3.6	-74.7	-44.1
7.250	8.465	0.121	2.708	29.541	-9.644	5.005	3.8	-74.8	-43.9
7.260	8.021	-0.016	2.398	23.071	-6.958	7.690	3.8	-74.8	-43.7
7.270	7.556	-0.554	2.471	19.226	-4.639	10.620	3.6	-74.9	-43.2
7.280	7.401	-1.184	2.053	18.921	-6.165	13.306	3.2	-74.9	-42.6
7.290	7.372	-1.705	1.883	20.264	-7.874	15.320	2.6	-75.0	-41.8
7.300	7.738	-1.978	1.733	23.438	-11.047	14.893	2.0	-75.1	-40.9
7.310	7.797	-1.833	1.299	25.391	-11.353	13.977	1.4	-75.2	-40.0
7.320	7.732	-1.563	0.917	29.663	-9.949	11.963	0.9	-75.3	-39.3
7.330	7.474	-1.006	1.124	27.710	-6.348	12.817	0.4	-75.4	-38.5
7.340	7.132	-0.324	1.348	28.870	-9.644	12.878	0.1	-75.5	-37.9
7.350	7.383	0.248	1.175	31.921	-15.991	12.878	-0.1	-75.7	-37.3
7.360	7.133	0.460	0.559	34.973	-17.334	13.489	-0.2	-75.9	-36.8
7.370	7.424	0.644	1.313	26.855	-17.273	14.587	-0.4	-76.1	-36.3
7.380	7.602	0.514	1.253	30.762	-22.827	14.038	-0.5	-76.3	-35.9
7.390	7.864	0.533	1.317	22.888	-26.855	15.137	-0.8	-76.5	-35.4
7.400	8.246	0.715	1.630	23.376	-28.015	14.282	-1.1	-76.8	-34.8
7.410	8.352	0.373	1.027	22.705	-27.588	13.306	-1.3	-77.1	-34.3
7.420	8.282	0.362	1.026	19.653	-23.438	12.451	-1.6	-77.4	-33.8
7.430	8.202	-0.202	0.818	26.001	-18.433	10.986	-1.8	-77.6	-33.3
7.440	8.453	-0.392	0.889	20.020	-14.099	11.414	-2.2	-77.8	-32.7
7.450	8.500	-0.503	1.009	24.292	-7.751	11.414	-2.5	-77.9	-32.1
7.460	8.733	-0.445	0.863	19.836	-4.150	12.512	-3.0	-77.9	-31.4
7.470	8.815	-0.381	1.122	17.639	-1.404	13.550	-3.5	-78.0	-30.7
7.480	9.168	-0.350	0.710	18.372	-0.610	14.526	-4.0	-78.0	-29.9
7.490	9.218	-0.026	0.339	15.137	1.709	15.930	-4.6	-78.0	-29.1
7.500	9.307	-0.209	0.213	15.442	6.042	17.578	-5.2	-78.0	-28.3
7.510	9.191	-0.392	0.213	15.381	8.179	18.616	-5.9	-78.0	-27.4
7.520	9.151	-0.876	0.537	15.625	7.751	18.372	-6.7	-77.9	-26.5
7.530	9.186	-1.206	0.498	16.968	4.211	16.357	-7.4	-77.9	-25.6
7.540	9.223	-1.280	0.747	12.573	-1.831	13.550	-8.2	-77.9	-24.7
7.550	9.231	-1.512	0.938	9.216	-6.897	9.949	-8.8	-78.0	-23.9
7.560	8.953	-1.554	1.396	3.967	-9.766	4.395	-9.4	-78.1	-23.3
7.570	8.634	-1.077	1.847	0.488	-17.273	-4.822	-9.6	-78.2	-23.0
7.580	8.601	-0.296	1.738	-3.845	-27.649	-15.015	-9.3	-78.4	-23.3
7.590	9.199	1.636	1.399	-9.705	-34.485	-23.010	-8.5	-78.8	-24.2
7.600	10.329	3.596	0.636	-10.437	-31.006	-24.841	-7.0	-79.2	-25.8
7.610	11.220	3.665	-0.179	-2.136	-16.174	-15.137	-5.2	-79.5	-27.6
7.620	11.020	1.397	0.537	2.319	-1.892	-0.122	-4.3	-79.6	-28.6
7.630	10.858	-2.771	4.544	-4.333	2.930	11.536	-4.6	-79.6	-28.2
7.640	11.184	-5.457	10.727	-16.541	-13.062	19.775	-6.5	-79.4	-26.5
7.650	13.425	-3.008	10.341	-13.306	-64.209	28.442	-9.2	-79.5	-23.9
7.660	16.427	1.209	3.597	-12.512	-90.881	49.377	-12.6	-80.0	-20.5
7.670	14.648	0.383	0.141	-22.339	-23.499	74.036	-16.9	-80.2	-16.4
7.680	9.720	0.353	2.745	-14.282	44.495	76.355	-20.4	-79.8	-12.9
7.690	8.435	-0.060	5.480	-2.319	48.157	68.970	-22.6	-78.9	-10.7
7.700	10.142	-0.748	6.015	-1.892	23.682	61.462	-24.4	-78.2	-8.9
7.710	11.792	-1.356	4.485	-1.282	7.141	51.697	-26.1	-77.8	-7.1
7.720	13.360	-1.854	2.590	-3.906	0.793	40.283	-27.7	-77.5	-5.5
7.730	13.640	-1.042	2.329	-14.343	13.000	28.931	-28.9	-77.2	-4.4
7.740	12.410	0.358	3.214	-23.804	25.818	18.677	-29.3	-76.9	-4.2
7.750	11.078	1.326	3.421	-23.926	23.376	7.202	-28.9	-76.7	-4.8
7.760	9.940	1.525	3.036	-26.001	15.137	-5.066	-28.2	-76.5	-5.8
7.770	9.160	1.769	3.248	-31.311	12.939	-12.329	-27.2	-76.4	-7.0
7.780	9.150	1.705	3.365	-31.860	13.855	-13.367	-26.2	-76.4	-8.4
7.790	8.902	1.677	2.837	-31.677	11.536	-13.306	-25.2	-76.3	-9.7
7.800	8.994	1.349	2.205	-27.954	12.512	-13.245	-24.2	-76.2	-10.9
7.810	8.871	1.122	1.915	-25.513	19.592	-10.742	-23.3	-76.2	-12.0
7.820	9.130	0.615	1.689	-25.696	24.658	-7.874	-22.6	-76.0	-13.1
7.830	8.802	0.115	1.857	-30.945	27.466	-6.042	-22.0	-75.8	-13.9
7.840	8.561	-0.229	2.209	-29.236	25.269	-5.798	-21.5	-75.6	-14.7
7.850	7.860	-0.403	1.628	-27.771	20.508	-6.592	-21.1	-75.4	-15.4
7.860	7.443	-0.497	2.157	-30.518	19.348	-6.287	-20.8	-75.2	-16.0
7.870	7.724	-1.038	1.666	-27.222	15.564	-8.850	-20.5	-75.1	-16.6
7.880	7.711	-1.766	1.465	-27.771	18.005	-10.681	-20.3	-74.9	-17.1
7.890	7.466	-2.069	1.712	-27.588	21.240	-12.329	-20.1	-74.8	-17.6
7.900	7.337	-1.715	2.180	-27.710	17.761	-12.268	-19.9	-74.6	-18.1
7.910	7.542	-1.733	1.825	-19.959	14.587	-12.390	-19.6	-74.5	-18.6
7.920	7.970	-1.488	1.709	-16.968	14.587	-12.634	-19.3	-74.3	-19.1
7.930	7.791	-1.008	1.526	-14.099	18.311	-12.695	-18.9	-74.2	-19.7
7.940	7.827	-0.579	1.767	-12.817	22.644	-11.475	-18.4	-74.0	-20.3
7.950	7.866	-0.060	1.678	-11.536	22.461	-9.705	-17.9	-73.9	-21.0
7.960	7.981	-0.035	1.681	-11.719	20.447	-7.568	-17.4	-73.7	-21.5
7.970	8.683	-0.187	1.591	-11.475	15.808	-6.470	-17.0	-73.6	-22.0
7.980	9.155	-0.174	1.284	-11.536	13.123	-7.507	-16.7	-73.5	-22.5
7.990	9.126	0.048	0.905	-12.207	14.282	-7.751	-16.4	-73.4	-22.9
8.000	9.026	0.146	0.512	-13.428	14.160	-8.545	-16.1	-73.4	-23.4
8.010	9.010	-0.019	0.367	-15.564	14.404	-10.620	-15.7	-73.3	-23.9
8.020	8.937	0.220	-0.069	-17.578	11.780	-11.719	-15.3	-73.3	-24.5
8.030	8.716	0.553	-0.084	-20.874	10.254	-11.719	-15.0	-73.4	-25.0
8.040	8.433	0.788	0.159	-24.597	7.629	-10.864	-14.7	-73.4	-25.6
8.050	8.309	1.114	0.858	-27.527	2.991	-10.254	-14.4	-73.5	-26.1
8.060	8.400	1.235	1.667	-28.931	-2.258	-8.362	-14.1	-73.6	-26.6
8.070	8.560	0.916	2.437	-28.870	-7.324	-5.066	-14.0	-73.7	-27.1
8.080	8.595	0.469	2.626	-26.306	-14.221	0.977	-14.1	-73.8	-27.2
8.090	8.546	-0.372	1.835	-23.438	-21.240	9.644	-14.6	-74.0	-26.9
8.100	8.556	-2.154	0.985	-23.254	-28.137	14.282	-15.5	-74.2	-26.2
8.110	9.186	-3.361	2.291	-17.212	-29.297	9.766	-16.7	-74.4	-25.1
8.120	10.331	-3.602	3.932	-12.085	-25.574	-4.578	-17.5	-74.6	-24.5
8.130	11.100	-2.150	4.542	-19.226	-25.208	-24.902	-17.6	-74.8	-24.6
8.140	11.658	0.128	6.592	-22.339	-28.992	-45.288	-16.6	-75.1	-25.8
8.150	12.684	1.383	9.014	-4.700	-35.156	-55.969	-14.7	-75.4	-27.9
8.160	14.029	0.982	9.240	22.949	-19.959	-58.167	-11.9	-75.6	-30.5
8.170	13.112	-1.473	8.621	24.841	-6.775	-57.983	-9.1	-75.5	-33.1
8.180	11.375	-2.396	7.588	23.804	-9.155	-56.824	-6.8	-75.4	-35.3
8.190	10.106	-2.925	6.015	15.625	-13.977	-55.542	-4.8	-75.4	-37.1
8.200	8.760	-1.795	4.313	7.019	-12.024	-54.199	-3.1	-75.4	-38.8
8.210	8.390	-0.143	4.477	-1.709	-13.489	-49.072	-1.3	-75.4	-40.6
8.220	9.804	-0.026	5.047	-2.319	-25.940	-39.673	0.3	-75.6	-42.3
8.230	11.713	-0.727	5.359	5.798	-33.630	-24.353	1.5	-75.7	-43.5
8.240	13.840	-1.910	3.459	13.000	-34.973	-9.460	2.0	-76.0	-43.9
8.250	14.690	-3.150	1.535	20.691	-21.973	-1.709	1.9	-76.3	-43.7
8.260	13.330	-3.951	0.960	27.466	14.587	2.991	1.5	-76.3	-43.0
8.270	10.312	-3.388	2.650	27.710	42.358	6.592	0.8	-76.0	-42.0
8.280	7.931	-2.823	5.926	31.494	31.982	8.789	0.2	-75.6	-41.1
8.290	7.733	-1.726	4.180	39.124	1.709	5.859	-0.1	-75.3	-40.4
8.300	8.001	-0.651	3.455	38.086	-5.798	3.601	-0.1	-75.3	-40.0
8.310	7.829	-0.025	3.285	35.278	-3.113	2.197	0.1	-75.2	-39.8
8.320	8.450	0.219	3.154	34.424	-6.470	-0.671	0.4	-75.2	-39.8
8.330	8.450	1.001	2.819	34.607	-10.864	-3.174	1.0	-75.3	-40.0
8.340	8.151	0.928	3.026	33.997	-14.160	-2.563	1.6	-75.4	-40.3
8.350	7.765	0.754	2.930	33.264	-18.982	-1.526	2.2	-75.5	-40.5
8.360	7.682	0.171	2.647	29.175	-21.606	-0.549	2.7	-75.6	-40.6
8.370	8.092	-0.319	2.551	23.926	-22.888	-0.549	3.0	-75.8	-40.7
8.380	8.025	-0.542	2.392	18.494	-18.738	0.854	3.1	-76.0	-40.6
8.390	8.107	-0.677	2.414	14.465	-14.404	3.052	3.1	-76.1	-40.4
8.400	8.506	-0.817	2.291	11.719	-14.526	3.174	3.0	-76.2	-40.2
8.410	8.456	-0.841	1.871	10.132	-14.038	3.296	2.8	-76.3	-39.9
8.420	8.471	-0.728	1.835	9.705	-13.977	2.686	2.7	-76.5	-39.6
8.430	8.429	-0.388	1.616	12.512	-13.977	3.906	2.5	-76.6	-39.4
8.440	8.247	-0.112	1.451	12.207	-13.550	6.775	2.4	-76.8	-39.0
8.450	7.801	0.109	1.486	12.634	-11.902	10.437	2.1	-76.9	-38.6
8.460	7.603	-0.002	1.889	13.245	-12.390	13.611	1.7	-77.0	-38.1
8.470	7.759	-0.136	1.948	16.113	-16.907	15.076	1.2	-77.1	-37.4
8.480	8.119	-0.192	1.787	14.160	-22.400	15.869	0.7	-77.3	-36.7
8.490	8.473	-0.392	1.484	13.062	-26.123	15.320	0.1	-77.6	-35.9
8.500	8.669	-0.701	1.226	12.512	-27.344	14.038	-0.5	-77.8	-35.2
8.510	8.699	-0.906	0.982	10.010	-28.137	12.329	-1.2	-78.1	-34.4
8.520	8.704	-0.968	1.040	7.690	-29.175	10.498	-1.8	-78.4	-33.6
8.530	8.756	-0.880	1.062	7.996	-30.518	8.667	-2.5	-78.7	-32.9
8.540	8.762	-0.773	1.083	8.667	-31.128	6.958	-3.0	-79.1	-32.3
8.550	8.894	-0.581	1.351	10.193	-31.067	5.859	-3.4	-79.4	-31.7
8.560	8.982	-0.394	1.137	11.230	-31.982	5.188	-3.8	-79.7	-31.2
8.570	9.167	-0.288	1.219	11.658	-30.457	5.249	-4.1	-80.0	-30.7
8.580	9.418	-0.245	1.064	13.367	-27.771	5.615	-4.5	-80.3	-30.2
8.590	9.662	-0.276	0.930	13.000	-22.400	6.531	-4.8	-80.5	-29.7
8.600	9.498	-0.562	1.158	12.329	-15.991	7.080	-5.3	-80.7	-29.1
8.610	9.802	-0.748	1.655	5.859	-11.597	6.836	-5.8	-80.8	-28.5
8.620	9.929	-0.697	1.563	2.808	-9.583	6.348	-6.4	-80.9	-27.9
8.630	10.073	-0.567	1.290	1.099	-8.179	6.714	-6.9	-80.9	-27.3
8.640	9.953	-0.290	1.089	1.587	-6.104	6.714	-7.4	-81.0	-26.7
8.650	9.679	-0.307	1.311	2.136	-2.747	5.493	-7.8	-81.0	-26.3
8.660	9.151	-0.303	1.529	2.930	-1.160	2.808	-8.0	-81.0	-26.1
8.670	8.471	-0.258	1.762	4.333	-3.662	-0.610	-8.0	-81.0	-26.0
8.680	8.227	-0.038	1.501	10.193	-10.315	-4.395	-7.8	-81.1	-26.2
8.690	8.629	-0.130	1.023	7.324	-17.029	-6.592	-7.4	-81.2	-26.5
8.700	8.915	0.065	0.508	9.277	-19.226	-7.813	-6.9	-81.4	-26.8
8.710	9.316	0.157	-0.110	15.442	-18.433	-7.385	-6.3	-81.6	-27.3
8.720	9.635	0.147	-0.477	13.184	-15.686	-4.211	-5.9	-81.9	-27.6
8.730	9.774	-0.113	-0.501	16.052	-11.353	-0.732	-5.7	-82.1	-27.6
8.740	9.891	-0.727	-0.710	15.381	-8.972	1.526	-5.8	-82.2	-27.4
8.750	9.638	-1.388	0.188	13.428	-8.850	2.014	-6.1	-82.4	-26.8
8.760	9.459	-2.454	2.553	11.169	-11.902	2.319	-6.8	-82.5	-26.1
8.770	9.982	-2.717	5.530	12.512	-21.118	4.028	-7.8	-82.5	-24.9
8.780	11.977	-0.938	6.326	17.517	-40.100	8.423	-9.0	-82.6	-23.5
8.790	14.762	1.569	5.750	17.395	-51.209	18.433	-10.4	-82.9	-21.9
8.800	15.292	2.712	3.992	7.996	-42.786	33.020	-12.3	-83.1	-19.9
8.810	12.623	1.373	2.728	-3.296	-14.832	41.809	-14.7	-83.2	-17.4
8.820	10.077	0.016	2.819	-8.789	6.470	39.978	-17.3	-83.0	-14.8
8.830	9.091	-0.767	2.704	-7.874	14.160	34.912	-19.5	-82.7	-12.7
8.840	9.334	-0.935	2.700	-7.324	14.221	30.090	-21.3	-82.3	-10.9
8.850	10.009	-0.557	2.763	-6.775	13.062	28.381	-22.8	-82.0	-9.4
8.860	10.796	0.329	3.028	-6.836	16.235	31.555	-24.1	-81.7	-8.2
8.870	11.001	1.067	3.530	-7.935	25.940	38.330	-25.2	-81.3	-7.2
8.880	10.832	1.090	4.123	-10.620	30.151	43.396	-26.1	-80.7	-6.3
8.890	10.227	0.943	3.908	-15.259	27.405	43.091	-27.0	-80.2	-5.5
8.900	9.890	0.626	3.735	-20.691	23.926	36.865	-27.8	-79.7	-4.9
8.910	9.783	0.655	3.213	-22.705	19.043	26.550	-28.3	-79.4	-4.6
8.920	10.029	0.576	2.681	-23.315	14.465	16.541	-28.5	-79.1	-4.6
8.930	10.442	0.166	2.861	-22.461	9.583	7.690	-28.4	-78.9	-4.8
8.940	11.056	-0.037	2.550	-18.066	6.104	-0.061	-28.1	-78.8	-5.3
8.950	10.970	-0.042	1.940	-14.587	10.010	-5.066	-27.6	-78.8	-6.0
8.960	10.333	-0.026	2.356	-11.597	19.043	-6.714	-26.8	-78.6	-6.9
8.970	9.495	0.065	2.698	-10.498	24.353	-6.409	-25.8	-78.4	-8.0
8.980	8.899	0.476	2.979	-9.644	25.452	-5.676	-24.8	-78.2	-9.1
8.990	8.725	0.401	3.281	-10.559	22.583	-5.188	-23.8	-78.0	-10.2
9.000	9.000	0.339	3.048	-11.841	18.860	-5.859	-22.9	-77.7	-11.2
9.010	9.111	0.305	2.593	-13.794	18.066	-6.470	-22.1	-77.6	-12.1
9.020	9.289	0.268	2.072	-16.479	17.639	-7.935	-21.4	-77.4	-13.0
9.030	8.911	0.148	1.690	-19.043	16.907	-9.583	-20.7	-77.3	-13.9
9.040	8.632	-0.168	1.866	-19.959	15.808	-10.498	-20.0	-77.2	-14.8
9.050	8.380	-0.317	2.110	-18.433	14.038	-10.925	-19.4	-77.0	-15.6
9.060	8.438	-0.368	2.118	-17.456	9.949	-11.414	-18.8	-76.9	-16.3
9.070	8.611	-0.257	2.121	-16.052	6.104	-12.512	-18.3	-76.9	-17.0
9.080	8.778	-0.084	2.222	-16.602	4.456	-13.245	-17.7	-76.9	-17.7
9.090	8.765	0.005	2.329	-15.625	4.883	-13.428	-17.1	-76.8	-18.5
9.100	8.723	0.113	2.302	-14.832	6.165	-13.000	-16.5	-76.8	-19.3
9.110	8.568	0.379	2.265	-15.747	6.348	-12.451	-15.9	-76.8	-20.1
9.120	8.613	0.373	2.372	-15.930	3.662	-12.268	-15.2	-76.7	-20.9
9.130	8.622	0.236	2.242	-14.832	1.587	-12.390	-14.6	-76.7	-21.6
9.140	8.823	0.093	1.918	-15.076	-0.549	-12.085	-14.1	-76.7	-22.3
9.150	9.119	-0.272	1.726	-16.357	-2.747	-11.536	-13.7	-76.8	-22.9
9.160	9.355	-0.550	1.541	-17.212	-5.066	-11.230	-13.4	-76.8	-23.3
9.170	9.377	-0.487	1.415	-17.090	-5.981	-10.864	-13.2	-76.9	-23.7
9.180	9.127	-0.076	1.720	-16.663	-2.808	-9.094	-13.0	-77.0	-24.1
9.190	9.014	-0.092	2.589	-16.296	1.831	-5.676	-12.7	-77.0	-24.5
9.200	9.126	-0.050	2.945	-13.916	2.014	-2.319	-12.6	-76.9	-24.8
9.210	9.701	-0.557	3.337	-12.390	0.610	0.366	-12.6	-76.9	-24.9
9.220	10.224	-1.194	3.802	-9.216	-1.099	0.305	-12.7	-76.8	-24.9
9.230	10.738	-1.647	3.566	-5.554	-3.479	-2.808	-12.7	-76.8	-24.9
9.240	10.885	-1.797	3.032	-3.784	-1.831	-8.545	-12.6	-76.7	-25.0
9.250	10.661	-1.562	2.718	-3.113	1.099	-13.672	-12.3	-76.7	-25.4
9.260	10.256	-1.116	2.592	-0.793	1.953	-16.052	-11.8	-76.7	-25.9
9.270	9.816	-0.718	2.525	2.625	1.160	-15.686	-11.2	-76.7	-26.5
9.280	9.577	-0.532	2.264	4.089	0.244	-13.306	-10.6	-76.7	-27.1
9.290	9.401	-0.331	2.214	4.150	0.732	-10.315	-10.1	-76.7	-27.6
9.300	9.091	0.107	2.209	3.540	2.747	-7.141	-9.6	-76.6	-28.0
9.310	8.899	0.391	2.212	2.014	3.723	-4.395	-9.2	-76.6	-28.3
9.320	8.966	0.338	2.515	-0.122	3.967	-2.747	-8.9	-76.5	-28.6
9.330	9.128	0.107	2.706	-1.465	3.357	-2.258	-8.6	-76.5	-28.9
9.340	9.334	-0.172	2.673	-2.319	3.113	-2.930	-8.4	-76.4	-29.1
9.350	9.603	-0.417	2.542	-3.174	3.418	-4.211	-8.2	-76.4	-29.4
9.360	9.659	-0.567	2.334	-4.456	5.249	-5.493	-8.0	-76.3	-29.6
9.370	9.576	-0.628	2.203	-5.981	7.751	-6.409	-7.8	-76.2	-29.9
9.380	9.332	-0.686	2.274	-6.653	10.132	-6.897	-7.6	-76.1	-30.2
9.390	9.170	-0.748	2.265	-6.348	11.353	-7.202	-7.3	-76.0	-30.4
9.400	9.089	-0.858	2.118	-5.310	12.268	-8.057	-7.1	-75.9	-30.8
9.410	8.948	-0.795	2.089	-4.761	12.634	-8.972	-6.8	-75.7	-31.1
9.420	8.820	-0.689	2.270	-4.456	11.902	-9.583	-6.5	-75.6	-31.4
9.430	8.938	-0.538	2.410	-3.906	8.850	-9.766	-6.2	-75.5	-31.8
9.440	9.221	-0.457	2.398	-2.930	4.272	-9.521	-5.8	-75.4	-32.2
9.450	9.500	-0.378	2.265	-2.197	1.343	-8.728	-5.5	-75.4	-32.5
9.460	9.690	-0.342	2.092	-2.319	0.610	-7.629	-5.2	-75.4	-32.8
9.470	9.707	-0.400	2.006	-2.869	1.160	-6.287	-5.0	-75.4	-33.1
9.480	9.662	-0.537	2.079	-3.235	1.892	-4.883	-4.9	-75.4	-33.2
9.490	9.661	-0.629	2.125	-3.418	2.197	-3.662	-4.8	-75.4	-33.3
9.500	9.569	-0.722	2.019	-3.540	2.991	-2.197	-4.8	-75.3	-33.4
9.510	9.525	-0.878	1.999	-3.479	3.540	-0.916	-4.8	-75.3	-33.4
9.520	9.512	-0.929	1.974	-2.930	3.479	-0.183	-5.0	-75.3	-33.3
9.530	9.350	-0.898	2.003	-2.441	3.601	0.549	-5.1	-75.2	-33.1
9.540	9.202	-0.848	1.943	-1.587	3.723	1.221	-5.2	-75.2	-33.0
9.550	9.124	-0.811	2.035	-1.221	3.845	2.075	-5.4	-75.1	-32.8
9.560	9.138	-0.834	2.106	-1.465	2.747	2.075	-5.6	-75.1	-32.7
9.570	8.943	-0.659	2.265	-2.014	3.784	1.892	-5.7	-75.1	-32.5
9.580	9.188	-0.634	2.340	-2.075	4.333	1.587	-5.9	-75.0	-32.4
9.590	9.376	-0.500	2.295	-2.258	3.967	0.488	-5.9	-75.0	-32.3
9.600	9.471	-0.324	2.191	-2.869	4.272	0.000	-6.0	-74.9	-32.3
9.610	9.436	-0.256	2.308	-3.479	5.066	0.122	-6.0	-74.8	-32.3
9.620	9.344	-0.195	2.253	-3.967	5.676	0.427	-6.0	-74.8	-32.4
9.630	9.215	-0.241	2.315	-4.211	5.005	0.366	-6.0	-74.7	-32.4
9.640	9.173	-0.295	2.345	-4.211	4.028	0.366	-6.0	-74.7	-32.4
9.650	9.140	-0.355	2.492	-3.845	3.052	0.183	-6.0	-74.6	-32.4
9.660	9.197	-0.491	2.388	-3.540	1.831	-0.244	-6.1	-74.6	-32.4
9.670	9.261	-0.624	2.356	-3.845	1.282	-0.610	-6.1	-74.6	-32.4
9.680	9.301	-0.756	2.242	-4.517	1.831	-0.916	-6.2	-74.5	-32.4
9.690	9.363	-0.678	2.199	-4.944	2.136	-0.977	-6.2	-74.5	-32.3
9.700	9.310	-0.596	2.224	-5.676	2.441	-1.038	-6.3	-74.5	-32.3
