BTS G-STUDIO File

--------------------------------------------------------
Versione File:		5
Sensor type:		GS2
Accelerometro (g):	±2
Magnetico (uT):	OFF
Giroscopio (°/s):	±2000
Frequenza (Hz):		100
GPS (Hz):		OFF
Informazioni sull’orientamento:	ON
Frames:	1153
--------------------------------------------------------

Time		Acc.			Gyro.		Roll	Pitch	Yaw
t(s)	X(m/s²)	Y(m/s²)	Z(m/s²)	X(°/s)	Y(°/s)	Z(°/s)	(°)	(°)	(°)
0.010	9.348	-0.357	2.532	0.122	-0.061	-0.061	-5.3	-74.0	-21.9
0.020	9.337	-0.325	2.486	0.122	-0.061	0.000	-5.3	-74.0	-21.8
0.030	9.343	-0.312	2.565	0.000	-0.122	0.000	-5.3	-74.0	-21.8
0.040	9.368	-0.277	2.523	-0.061	-0.305	0.061	-5.3	-74.0	-21.8
0.050	9.382	-0.314	2.462	0.122	-0.305	0.000	-5.4	-74.0	-21.8
0.060	9.405	-0.313	2.477	0.122	-0.183	0.061	-5.4	-74.1	-21.8
0.070	9.410	-0.319	2.574	0.183	-0.122	0.061	-5.4	-74.1	-21.8
0.080	9.416	-0.323	2.475	0.244	0.061	0.183	-5.4	-74.1	-21.8
0.090	9.393	-0.324	2.511	0.244	0.183	0.122	-5.4	-74.1	-21.8
0.100	9.357	-0.317	2.460	0.427	0.183	0.122	-5.4	-74.1	-21.8
0.110	9.367	-0.318	2.490	0.366	0.122	0.183	-5.4	-74.1	-21.8
0.120	9.385	-0.319	2.502	0.244	-0.061	0.122	-5.4	-74.1	-21.7
0.130	9.379	-0.268	2.522	0.244	0.183	0.122	-5.5	-74.1	-21.7
0.140	9.412	-0.289	2.479	0.122	0.427	0.122	-5.5	-74.1	-21.7
0.150	9.389	-0.282	2.483	0.122	0.610	0.122	-5.5	-74.1	-21.7
0.160	9.324	-0.306	2.538	0.122	0.549	0.000	-5.5	-74.1	-21.7
0.170	9.376	-0.280	2.558	0.244	0.305	0.061	-5.5	-74.1	-21.7
0.180	9.377	-0.306	2.528	0.427	0.427	0.061	-5.5	-74.1	-21.7
0.190	9.344	-0.332	2.479	0.732	0.610	0.122	-5.5	-74.1	-21.7
0.200	9.301	-0.337	2.459	0.854	0.610	0.183	-5.5	-74.1	-21.7
0.210	9.310	-0.369	2.552	0.671	0.488	0.183	-5.5	-74.1	-21.7
0.220	9.334	-0.309	2.501	0.732	0.244	0.366	-5.5	-74.1	-21.7
0.230	9.331	-0.320	2.521	0.549	0.305	0.305	-5.6	-74.1	-21.6
0.240	9.352	-0.277	2.479	0.488	0.427	0.305	-5.6	-74.1	-21.6
0.250	9.388	-0.251	2.540	0.427	0.061	0.366	-5.6	-74.1	-21.6
0.260	9.325	-0.259	2.511	0.244	0.183	0.366	-5.6	-74.1	-21.6
0.270	9.385	-0.252	2.505	0.244	0.061	0.244	-5.6	-74.1	-21.6
0.280	9.385	-0.285	2.568	0.183	0.244	0.244	-5.6	-74.1	-21.6
0.290	9.428	-0.296	2.554	0.183	0.305	0.061	-5.6	-74.1	-21.6
0.300	9.418	-0.307	2.604	0.244	0.305	-0.061	-5.6	-74.1	-21.6
0.310	9.412	-0.338	2.665	0.305	0.488	-0.122	-5.6	-74.0	-21.6
0.320	9.400	-0.337	2.570	0.427	0.549	-0.061	-5.6	-74.0	-21.6
0.330	9.374	-0.372	2.526	0.427	0.488	0.061	-5.6	-74.0	-21.6
0.340	9.345	-0.385	2.534	0.427	0.549	0.122	-5.6	-74.0	-21.6
0.350	9.302	-0.323	2.551	0.610	0.610	0.183	-5.6	-74.0	-21.5
0.360	9.319	-0.351	2.522	0.610	0.549	0.305	-5.6	-74.0	-21.5
0.370	9.326	-0.350	2.546	0.671	0.793	0.305	-5.7	-74.0	-21.5
0.380	9.333	-0.326	2.564	0.549	0.854	0.305	-5.7	-74.0	-21.5
0.390	9.342	-0.293	2.552	0.488	0.793	0.366	-5.7	-74.0	-21.5
0.400	9.306	-0.284	2.551	0.305	0.732	0.366	-5.7	-74.0	-21.5
0.410	9.330	-0.266	2.594	0.305	0.671	0.427	-5.7	-74.0	-21.5
0.420	9.337	-0.266	2.576	0.244	0.671	0.366	-5.7	-74.0	-21.4
0.430	9.374	-0.305	2.620	0.183	0.610	0.305	-5.7	-74.0	-21.4
0.440	9.348	-0.303	2.631	0.244	0.732	0.183	-5.7	-74.0	-21.4
0.450	9.413	-0.306	2.575	0.244	0.854	0.122	-5.7	-74.0	-21.4
0.460	9.387	-0.285	2.571	0.244	0.732	0.183	-5.8	-74.0	-21.4
0.470	9.356	-0.333	2.590	0.183	0.793	0.122	-5.8	-73.9	-21.4
0.480	9.343	-0.336	2.455	0.122	0.549	0.183	-5.8	-73.9	-21.4
0.490	9.339	-0.366	2.568	-0.061	0.488	0.122	-5.8	-73.9	-21.4
0.500	9.320	-0.351	2.611	-0.061	0.427	0.122	-5.8	-73.9	-21.4
0.510	9.373	-0.317	2.520	0.000	0.366	0.183	-5.8	-73.9	-21.4
0.520	9.377	-0.293	2.619	-0.061	0.610	0.366	-5.9	-73.9	-21.3
0.530	9.326	-0.253	2.583	0.000	0.732	0.305	-5.9	-73.9	-21.3
0.540	9.324	-0.312	2.587	0.061	0.244	0.244	-5.9	-73.9	-21.3
0.550	9.389	-0.332	2.589	-0.061	0.427	0.122	-5.9	-73.9	-21.3
0.560	9.358	-0.349	2.550	-0.061	0.671	0.183	-5.9	-73.9	-21.3
0.570	9.364	-0.375	2.565	0.000	1.038	0.244	-5.9	-73.9	-21.3
0.580	9.345	-0.355	2.551	0.122	1.343	0.305	-5.9	-73.9	-21.3
0.590	9.304	-0.360	2.565	0.244	1.343	0.366	-6.0	-73.9	-21.3
0.600	9.332	-0.349	2.570	0.366	1.038	0.488	-6.0	-73.9	-21.2
0.610	9.333	-0.331	2.611	0.488	0.916	0.488	-6.0	-73.9	-21.2
0.620	9.326	-0.341	2.582	0.244	0.793	0.427	-6.0	-73.8	-21.2
0.630	9.316	-0.299	2.572	0.183	0.793	0.366	-6.0	-73.8	-21.2
0.640	9.316	-0.284	2.611	0.122	0.977	0.305	-6.0	-73.8	-21.2
0.650	9.349	-0.284	2.614	0.122	0.793	0.183	-6.0	-73.8	-21.2
0.660	9.340	-0.293	2.607	-0.122	0.671	0.122	-6.0	-73.8	-21.2
0.670	9.328	-0.288	2.610	-0.183	0.793	0.061	-6.1	-73.8	-21.2
0.680	9.315	-0.325	2.678	-0.244	0.793	0.061	-6.1	-73.8	-21.2
0.690	9.328	-0.350	2.632	-0.122	0.854	0.122	-6.1	-73.8	-21.2
0.700	9.342	-0.320	2.554	-0.122	0.793	0.061	-6.1	-73.8	-21.2
0.710	9.357	-0.354	2.580	0.000	0.916	0.122	-6.1	-73.8	-21.2
0.720	9.355	-0.373	2.608	0.122	0.854	0.122	-6.1	-73.8	-21.2
0.730	9.319	-0.408	2.617	0.244	0.793	0.244	-6.1	-73.8	-21.2
0.740	9.342	-0.400	2.649	0.244	0.732	0.244	-6.1	-73.7	-21.1
0.750	9.309	-0.398	2.633	0.244	0.793	0.244	-6.1	-73.7	-21.1
0.760	9.336	-0.357	2.655	0.244	0.854	0.427	-6.2	-73.7	-21.1
0.770	9.338	-0.333	2.601	0.244	1.099	0.488	-6.2	-73.7	-21.1
0.780	9.357	-0.332	2.647	0.244	1.160	0.427	-6.2	-73.7	-21.1
0.790	9.369	-0.342	2.607	0.061	1.160	0.305	-6.2	-73.7	-21.1
0.800	9.337	-0.351	2.625	-0.122	0.916	0.366	-6.2	-73.7	-21.0
0.810	9.339	-0.345	2.577	-0.183	0.916	0.366	-6.2	-73.7	-21.0
0.820	9.337	-0.320	2.694	0.000	0.854	0.183	-6.3	-73.7	-21.0
0.830	9.279	-0.392	2.600	0.000	0.671	0.183	-6.3	-73.7	-21.0
0.840	9.302	-0.367	2.675	-0.061	0.427	0.183	-6.3	-73.7	-21.0
0.850	9.307	-0.336	2.680	0.061	0.305	0.122	-6.3	-73.6	-21.0
0.860	9.312	-0.320	2.614	0.244	0.427	0.183	-6.3	-73.6	-21.0
0.870	9.363	-0.391	2.657	0.366	0.610	0.183	-6.3	-73.6	-21.0
0.880	9.312	-0.355	2.599	0.610	0.549	0.244	-6.3	-73.6	-21.0
0.890	9.296	-0.405	2.593	0.610	0.671	0.366	-6.3	-73.6	-20.9
0.900	9.300	-0.375	2.596	0.610	0.793	0.427	-6.4	-73.6	-20.9
0.910	9.325	-0.335	2.593	0.366	0.793	0.488	-6.4	-73.6	-20.9
0.920	9.319	-0.312	2.653	0.244	0.916	0.610	-6.4	-73.6	-20.9
0.930	9.321	-0.277	2.685	0.122	1.038	0.610	-6.4	-73.6	-20.9
0.940	9.338	-0.320	2.724	0.183	0.916	0.549	-6.4	-73.6	-20.9
0.950	9.331	-0.275	2.649	0.122	0.793	0.549	-6.4	-73.6	-20.8
0.960	9.281	-0.331	2.722	0.183	0.854	0.488	-6.4	-73.6	-20.8
0.970	9.298	-0.366	2.752	0.244	0.793	0.427	-6.5	-73.5	-20.8
0.980	9.267	-0.421	2.738	0.183	0.854	0.305	-6.5	-73.5	-20.8
0.990	9.281	-0.411	2.659	0.244	0.793	0.122	-6.5	-73.5	-20.8
1.000	9.304	-0.368	2.671	0.244	0.488	0.183	-6.5	-73.5	-20.8
1.010	9.355	-0.388	2.632	0.305	0.427	0.122	-6.5	-73.5	-20.8
1.020	9.310	-0.393	2.669	0.244	0.427	0.244	-6.5	-73.5	-20.8
1.030	9.296	-0.385	2.677	0.244	0.305	0.305	-6.6	-73.5	-20.7
1.040	9.260	-0.410	2.698	0.244	0.122	0.366	-6.6	-73.5	-20.7
1.050	9.276	-0.347	2.686	0.366	0.366	0.488	-6.6	-73.5	-20.7
1.060	9.284	-0.330	2.769	0.366	0.671	0.488	-6.6	-73.5	-20.7
1.070	9.310	-0.343	2.686	0.549	0.732	0.488	-6.6	-73.5	-20.7
1.080	9.327	-0.323	2.714	0.427	0.671	0.671	-6.6	-73.5	-20.6
1.090	9.312	-0.332	2.635	0.366	0.671	0.671	-6.7	-73.5	-20.6
1.100	9.319	-0.355	2.683	0.366	0.793	0.671	-6.7	-73.4	-20.6
1.110	9.308	-0.360	2.636	0.305	0.793	0.671	-6.7	-73.4	-20.6
1.120	9.300	-0.344	2.724	0.183	0.366	0.549	-6.7	-73.4	-20.6
1.130	9.319	-0.297	2.639	0.122	0.244	0.549	-6.7	-73.4	-20.6
1.140	9.312	-0.278	2.669	-0.061	0.244	0.549	-6.7	-73.4	-20.5
1.150	9.327	-0.366	2.726	-0.061	0.244	0.488	-6.8	-73.4	-20.5
1.160	9.313	-0.378	2.763	-0.122	0.061	0.366	-6.8	-73.4	-20.5
1.170	9.292	-0.362	2.710	-0.122	0.000	0.122	-6.8	-73.4	-20.5
1.180	9.281	-0.375	2.732	0.000	0.061	0.061	-6.8	-73.4	-20.5
1.190	9.251	-0.432	2.684	0.061	0.061	0.000	-6.8	-73.4	-20.5
1.200	9.239	-0.390	2.684	0.061	-0.061	-0.061	-6.8	-73.4	-20.5
1.210	9.277	-0.424	2.644	0.000	-0.061	0.122	-6.8	-73.4	-20.5
1.220	9.270	-0.405	2.673	0.000	0.000	0.061	-6.8	-73.4	-20.5
1.230	9.297	-0.362	2.694	0.122	-0.061	0.183	-6.9	-73.4	-20.5
1.240	9.337	-0.345	2.758	0.061	0.122	0.427	-6.9	-73.4	-20.5
1.250	9.296	-0.353	2.704	0.000	0.366	0.549	-6.9	-73.4	-20.4
1.260	9.290	-0.382	2.691	0.061	0.244	0.549	-6.9	-73.4	-20.4
1.270	9.286	-0.394	2.696	0.061	0.061	0.549	-6.9	-73.4	-20.4
1.280	9.304	-0.378	2.694	0.000	-0.061	0.427	-7.0	-73.4	-20.4
1.290	9.298	-0.356	2.720	-0.183	-0.061	0.488	-7.0	-73.4	-20.4
1.300	9.302	-0.319	2.726	-0.244	0.061	0.366	-7.0	-73.4	-20.4
1.310	9.300	-0.399	2.758	-0.122	0.000	0.183	-7.0	-73.4	-20.3
1.320	9.300	-0.355	2.716	0.061	-0.122	0.122	-7.0	-73.4	-20.3
1.330	9.255	-0.406	2.668	0.244	-0.061	0.122	-7.0	-73.4	-20.3
1.340	9.298	-0.464	2.690	0.244	0.000	0.122	-7.0	-73.4	-20.3
1.350	9.252	-0.441	2.654	0.061	-0.244	0.122	-7.0	-73.4	-20.3
1.360	9.255	-0.396	2.631	-0.061	-0.366	0.000	-7.1	-73.4	-20.3
1.370	9.291	-0.363	2.694	-0.122	-0.305	0.000	-7.1	-73.4	-20.3
1.380	9.304	-0.343	2.687	-0.061	-0.305	0.122	-7.1	-73.4	-20.3
1.390	9.312	-0.341	2.720	0.000	-0.122	0.305	-7.1	-73.4	-20.3
1.400	9.331	-0.370	2.781	-0.061	0.061	0.305	-7.1	-73.4	-20.3
1.410	9.324	-0.391	2.704	0.000	0.244	0.427	-7.1	-73.4	-20.3
1.420	9.282	-0.438	2.741	-0.122	0.366	0.549	-7.1	-73.4	-20.2
1.430	9.277	-0.463	2.678	0.183	0.061	0.671	-7.2	-73.4	-20.2
1.440	9.275	-0.493	2.599	0.183	-0.183	0.977	-7.2	-73.4	-20.2
1.450	9.246	-0.420	2.683	-0.122	-0.244	0.793	-7.3	-73.4	-20.1
1.460	9.242	-0.378	2.704	-0.305	-0.427	0.732	-7.3	-73.4	-20.1
1.470	9.282	-0.332	2.721	-0.488	-0.732	0.488	-7.3	-73.4	-20.1
1.480	9.294	-0.329	2.795	-0.488	-0.488	0.427	-7.4	-73.4	-20.1
1.490	9.272	-0.351	2.741	-0.366	-0.427	0.305	-7.4	-73.4	-20.0
1.500	9.279	-0.391	2.744	-0.488	-0.549	0.244	-7.4	-73.4	-20.0
1.510	9.297	-0.403	2.702	-0.488	-0.732	0.122	-7.4	-73.4	-20.0
1.520	9.279	-0.451	2.679	-0.610	-0.793	0.122	-7.4	-73.4	-20.0
1.530	9.278	-0.436	2.651	-0.671	-0.793	0.183	-7.5	-73.4	-20.0
1.540	9.292	-0.458	2.672	-0.610	-0.610	0.305	-7.5	-73.4	-20.0
1.550	9.279	-0.403	2.673	-0.549	-0.488	0.366	-7.5	-73.4	-19.9
1.560	9.273	-0.412	2.675	-0.427	-0.549	0.305	-7.6	-73.4	-19.9
1.570	9.295	-0.436	2.681	-0.366	-0.610	0.488	-7.6	-73.4	-19.9
1.580	9.326	-0.421	2.775	-0.305	-0.610	0.488	-7.6	-73.4	-19.9
1.590	9.290	-0.421	2.721	-0.183	-0.549	0.427	-7.6	-73.4	-19.9
1.600	9.361	-0.378	2.723	-0.061	-0.488	0.366	-7.7	-73.4	-19.8
1.610	9.315	-0.379	2.756	-0.183	-0.427	0.244	-7.7	-73.4	-19.8
1.620	9.310	-0.423	2.673	-0.183	-0.610	0.305	-7.7	-73.4	-19.8
1.630	9.342	-0.417	2.705	-0.122	-0.549	0.427	-7.7	-73.4	-19.8
1.640	9.266	-0.473	2.728	-0.183	-0.305	0.488	-7.7	-73.4	-19.8
1.650	9.261	-0.470	2.607	-0.366	-0.671	0.366	-7.8	-73.4	-19.7
1.660	9.253	-0.428	2.626	-0.549	-1.038	0.183	-7.8	-73.4	-19.7
1.670	9.247	-0.385	2.740	-0.671	-1.160	0.122	-7.8	-73.4	-19.7
1.680	9.241	-0.368	2.830	-0.977	-1.038	0.183	-7.9	-73.5	-19.7
1.690	9.302	-0.397	2.801	-0.916	-0.977	0.122	-7.9	-73.5	-19.7
1.700	9.303	-0.393	2.808	-0.732	-0.854	0.000	-7.9	-73.5	-19.7
1.710	9.339	-0.428	2.747	-0.549	-0.671	-0.061	-7.9	-73.5	-19.7
1.720	9.289	-0.460	2.763	-0.305	-0.427	0.061	-7.9	-73.5	-19.7
1.730	9.225	-0.502	2.655	-0.122	-0.549	0.061	-7.9	-73.5	-19.7
1.740	9.282	-0.521	2.653	0.061	-0.488	0.183	-7.9	-73.5	-19.7
1.750	9.246	-0.500	2.649	0.061	-0.671	0.244	-8.0	-73.5	-19.6
1.760	9.264	-0.428	2.703	-0.061	-1.038	0.244	-8.0	-73.5	-19.6
1.770	9.295	-0.378	2.653	0.000	-1.038	0.366	-8.0	-73.5	-19.6
1.780	9.324	-0.434	2.754	0.183	-0.916	0.549	-8.1	-73.5	-19.6
1.790	9.338	-0.410	2.724	0.244	-0.854	0.427	-8.1	-73.5	-19.5
1.800	9.338	-0.436	2.790	0.244	-1.099	0.305	-8.1	-73.5	-19.5
1.810	9.376	-0.392	2.689	0.244	-1.221	0.183	-8.1	-73.5	-19.5
1.820	9.294	-0.442	2.708	0.244	-0.977	0.000	-8.1	-73.5	-19.5
1.830	9.322	-0.436	2.699	0.244	-0.854	0.000	-8.1	-73.5	-19.5
1.840	9.272	-0.481	2.742	0.244	-0.671	0.000	-8.1	-73.5	-19.5
1.850	9.324	-0.418	2.700	0.183	-0.732	0.122	-8.1	-73.5	-19.5
1.860	9.336	-0.439	2.698	0.183	-0.854	0.183	-8.1	-73.5	-19.5
1.870	9.308	-0.436	2.750	0.244	-0.854	0.183	-8.2	-73.5	-19.5
1.880	9.306	-0.442	2.706	0.244	-0.793	0.244	-8.2	-73.6	-19.4
1.890	9.294	-0.448	2.697	0.366	-0.671	0.122	-8.2	-73.6	-19.4
1.900	9.312	-0.403	2.643	0.549	-0.671	0.000	-8.2	-73.6	-19.4
1.910	9.288	-0.393	2.636	0.305	-0.732	0.122	-8.2	-73.6	-19.4
1.920	9.313	-0.417	2.702	0.244	-0.671	0.000	-8.2	-73.6	-19.4
1.930	9.308	-0.410	2.704	0.244	-0.732	0.061	-8.2	-73.6	-19.4
1.940	9.328	-0.445	2.757	0.244	-0.732	0.061	-8.2	-73.6	-19.4
1.950	9.324	-0.499	2.702	0.244	-0.671	0.061	-8.2	-73.6	-19.4
1.960	9.314	-0.540	2.692	0.427	-0.610	-0.061	-8.2	-73.6	-19.4
1.970	9.307	-0.473	2.750	0.488	-0.427	-0.122	-8.2	-73.6	-19.4
1.980	9.320	-0.442	2.726	0.610	-0.671	-0.061	-8.2	-73.6	-19.4
1.990	9.301	-0.403	2.677	0.793	-0.549	-0.061	-8.2	-73.6	-19.4
2.000	9.309	-0.410	2.687	0.793	-0.427	0.000	-8.2	-73.6	-19.4
2.010	9.300	-0.378	2.667	0.610	-0.366	0.061	-8.2	-73.6	-19.4
2.020	9.254	-0.404	2.648	0.549	-0.488	0.122	-8.2	-73.6	-19.4
2.030	9.302	-0.424	2.595	0.427	-0.671	0.122	-8.2	-73.6	-19.4
2.040	9.282	-0.424	2.684	0.366	-0.549	0.122	-8.2	-73.6	-19.4
2.050	9.318	-0.405	2.655	0.427	-0.549	0.122	-8.2	-73.6	-19.3
2.060	9.352	-0.349	2.612	0.244	-0.732	0.000	-8.2	-73.6	-19.3
2.070	9.328	-0.357	2.645	0.183	-0.854	-0.061	-8.2	-73.6	-19.4
2.080	9.303	-0.432	2.657	0.122	-0.793	-0.061	-8.2	-73.6	-19.4
2.090	9.259	-0.447	2.631	0.183	-1.038	-0.183	-8.2	-73.7	-19.4
2.100	9.282	-0.453	2.708	0.183	-1.221	-0.305	-8.2	-73.7	-19.4
2.110	9.275	-0.471	2.705	0.244	-1.221	-0.305	-8.2	-73.7	-19.4
2.120	9.308	-0.429	2.710	0.183	-1.160	-0.305	-8.2	-73.7	-19.4
2.130	9.297	-0.417	2.653	0.244	-1.404	-0.366	-8.2	-73.7	-19.4
2.140	9.285	-0.459	2.624	0.244	-1.465	-0.366	-8.2	-73.7	-19.4
2.150	9.283	-0.418	2.671	0.244	-1.404	-0.305	-8.2	-73.7	-19.4
2.160	9.253	-0.376	2.627	0.122	-1.404	-0.244	-8.2	-73.7	-19.4
2.170	9.276	-0.414	2.627	0.183	-1.526	-0.122	-8.2	-73.7	-19.4
2.180	9.297	-0.422	2.739	0.244	-1.526	-0.122	-8.2	-73.8	-19.4
2.190	9.330	-0.417	2.618	0.427	-1.465	-0.183	-8.2	-73.8	-19.4
2.200	9.332	-0.452	2.698	0.305	-1.343	-0.122	-8.2	-73.8	-19.4
2.210	9.367	-0.411	2.644	0.366	-1.465	-0.061	-8.2	-73.8	-19.4
2.220	9.339	-0.421	2.581	0.244	-1.465	0.000	-8.2	-73.8	-19.4
2.230	9.336	-0.409	2.532	0.244	-1.404	-0.183	-8.2	-73.8	-19.4
2.240	9.322	-0.408	2.635	0.122	-1.526	-0.366	-8.2	-73.8	-19.4
2.250	9.368	-0.380	2.669	-0.061	-1.282	-0.427	-8.2	-73.9	-19.4
2.260	9.383	-0.327	2.641	0.061	-1.099	-0.366	-8.2	-73.9	-19.4
2.270	9.365	-0.362	2.649	0.122	-0.732	-0.366	-8.2	-73.9	-19.4
2.280	9.312	-0.400	2.699	0.122	-0.854	-0.366	-8.2	-73.9	-19.4
2.290	9.300	-0.397	2.612	0.000	-1.160	-0.366	-8.2	-73.9	-19.4
2.300	9.318	-0.417	2.673	0.000	-1.404	-0.366	-8.2	-73.9	-19.4
2.310	9.328	-0.454	2.600	-0.122	-1.343	-0.366	-8.2	-73.9	-19.4
2.320	9.263	-0.442	2.589	-0.183	-1.343	-0.366	-8.2	-73.9	-19.5
2.330	9.319	-0.424	2.569	-0.244	-1.282	-0.427	-8.2	-73.9	-19.5
2.340	9.288	-0.394	2.531	-0.366	-1.160	-0.366	-8.2	-73.9	-19.5
2.350	9.318	-0.372	2.553	-0.305	-1.343	-0.366	-8.2	-74.0	-19.5
2.360	9.365	-0.394	2.559	-0.427	-1.465	-0.427	-8.2	-74.0	-19.5
2.370	9.349	-0.386	2.618	-0.488	-1.587	-0.427	-8.2	-74.0	-19.5
2.380	9.387	-0.360	2.626	-0.610	-1.526	-0.488	-8.2	-74.0	-19.5
2.390	9.407	-0.384	2.608	-0.366	-1.404	-0.549	-8.2	-74.0	-19.5
2.400	9.424	-0.376	2.575	-0.122	-1.099	-0.732	-8.1	-74.0	-19.5
2.410	9.376	-0.405	2.681	-0.061	-1.038	-0.916	-8.1	-74.0	-19.6
2.420	9.388	-0.387	2.624	-0.244	-0.977	-0.916	-8.1	-74.1	-19.6
2.430	9.322	-0.412	2.568	-0.244	-1.099	-0.977	-8.1	-74.1	-19.6
2.440	9.333	-0.362	2.623	-0.305	-0.916	-0.977	-8.0	-74.1	-19.7
2.450	9.282	-0.374	2.599	-0.244	-0.732	-0.793	-8.0	-74.1	-19.7
2.460	9.279	-0.422	2.577	-0.427	-0.610	-0.732	-8.0	-74.1	-19.7
2.470	9.285	-0.394	2.557	-0.366	-0.671	-0.488	-8.0	-74.1	-19.8
2.480	9.279	-0.405	2.525	-0.366	-0.732	-0.488	-8.0	-74.1	-19.8
2.490	9.284	-0.471	2.497	-0.366	-0.854	-0.305	-8.0	-74.1	-19.8
2.500	9.272	-0.405	2.580	-0.305	-1.160	-0.183	-8.0	-74.1	-19.8
2.510	9.344	-0.459	2.623	-0.244	-1.404	-0.183	-8.0	-74.1	-19.8
2.520	9.369	-0.485	2.629	-0.061	-1.404	-0.122	-8.0	-74.1	-19.8
2.530	9.357	-0.414	2.637	0.000	-1.282	-0.122	-8.0	-74.2	-19.7
2.540	9.397	-0.433	2.611	0.122	-1.099	-0.183	-8.0	-74.2	-19.7
2.550	9.370	-0.448	2.599	0.244	-0.854	-0.061	-8.0	-74.2	-19.7
2.560	9.319	-0.406	2.596	0.244	-0.854	0.122	-8.0	-74.2	-19.7
2.570	9.331	-0.414	2.574	0.244	-0.977	0.122	-8.1	-74.2	-19.7
2.580	9.340	-0.399	2.548	0.244	-1.282	0.122	-8.1	-74.2	-19.7
2.590	9.380	-0.452	2.580	0.244	-1.404	0.061	-8.1	-74.2	-19.7
2.600	9.399	-0.363	2.474	0.366	-1.404	-0.061	-8.1	-74.2	-19.7
2.610	9.397	-0.354	2.503	0.366	-1.282	-0.061	-8.1	-74.2	-19.7
2.620	9.373	-0.379	2.540	0.244	-1.099	-0.122	-8.1	-74.3	-19.7
2.630	9.352	-0.357	2.590	0.183	-1.038	-0.183	-8.1	-74.3	-19.7
2.640	9.362	-0.381	2.556	0.183	-1.221	-0.305	-8.1	-74.3	-19.7
2.650	9.362	-0.400	2.520	0.061	-1.221	-0.366	-8.0	-74.3	-19.7
2.660	9.373	-0.367	2.602	0.000	-1.099	-0.366	-8.0	-74.3	-19.7
2.670	9.388	-0.392	2.601	0.000	-0.793	-0.427	-8.0	-74.3	-19.8
2.680	9.406	-0.396	2.601	0.061	-0.549	-0.305	-8.0	-74.3	-19.8
2.690	9.399	-0.406	2.540	0.122	-0.549	-0.183	-8.0	-74.3	-19.8
2.700	9.404	-0.448	2.574	0.183	-0.427	-0.061	-8.0	-74.3	-19.8
2.710	9.394	-0.417	2.619	0.244	-0.366	0.061	-8.0	-74.3	-19.8
2.720	9.371	-0.423	2.580	0.244	-0.427	0.061	-8.0	-74.3	-19.8
2.730	9.374	-0.447	2.505	0.061	-0.305	0.061	-8.0	-74.3	-19.8
2.740	9.286	-0.445	2.568	0.061	-0.366	-0.122	-8.0	-74.3	-19.8
2.750	9.328	-0.374	2.595	0.183	-0.854	-0.244	-8.0	-74.3	-19.8
2.760	9.320	-0.349	2.582	0.000	-0.977	-0.305	-8.0	-74.3	-19.8
2.770	9.356	-0.376	2.548	-0.122	-0.671	-0.244	-8.0	-74.3	-19.8
2.780	9.389	-0.396	2.544	-0.244	-0.610	-0.244	-8.0	-74.3	-19.8
2.790	9.388	-0.405	2.563	-0.122	-0.488	-0.183	-8.0	-74.4	-19.8
2.800	9.422	-0.400	2.559	0.000	-0.427	-0.305	-8.0	-74.4	-19.8
2.810	9.388	-0.409	2.544	0.122	-0.427	-0.183	-8.0	-74.4	-19.8
2.820	9.357	-0.438	2.570	0.244	-0.122	-0.122	-8.0	-74.4	-19.8
2.830	9.344	-0.442	2.521	0.305	-0.305	-0.061	-8.0	-74.4	-19.8
2.840	9.319	-0.441	2.550	0.366	-0.488	0.061	-8.0	-74.4	-19.8
2.850	9.322	-0.435	2.508	0.305	-0.244	0.183	-8.0	-74.4	-19.8
2.860	9.369	-0.410	2.563	0.244	-0.183	0.244	-8.1	-74.4	-19.8
2.870	9.379	-0.399	2.486	0.244	-0.366	0.183	-8.1	-74.4	-19.7
2.880	9.419	-0.342	2.514	0.183	-0.549	0.183	-8.1	-74.4	-19.7
2.890	9.391	-0.337	2.499	0.183	-0.427	0.122	-8.1	-74.4	-19.7
2.900	9.386	-0.343	2.558	0.183	-0.488	0.061	-8.1	-74.4	-19.7
2.910	9.348	-0.344	2.593	0.244	-0.488	-0.122	-8.1	-74.4	-19.8
2.920	9.330	-0.406	2.574	0.244	-0.610	-0.183	-8.1	-74.4	-19.8
2.930	9.306	-0.433	2.611	0.427	-0.549	-0.244	-8.0	-74.4	-19.8
2.940	9.339	-0.440	2.554	0.488	-0.732	-0.305	-8.0	-74.4	-19.8
2.950	9.340	-0.404	2.539	0.366	-0.610	-0.183	-8.0	-74.4	-19.8
2.960	9.354	-0.411	2.527	0.244	-0.671	0.000	-8.0	-74.4	-19.8
2.970	9.307	-0.449	2.513	0.244	-0.488	0.122	-8.1	-74.4	-19.8
2.980	9.316	-0.422	2.468	0.366	-0.671	0.122	-8.1	-74.4	-19.7
2.990	9.318	-0.368	2.560	0.305	-0.732	0.122	-8.1	-74.4	-19.7
3.000	9.355	-0.370	2.559	0.305	-0.854	0.122	-8.1	-74.4	-19.7
3.010	9.348	-0.397	2.516	0.305	-0.854	0.122	-8.1	-74.4	-19.7
3.020	9.352	-0.422	2.520	0.366	-0.793	0.122	-8.1	-74.4	-19.7
3.030	9.386	-0.423	2.562	0.549	-0.854	0.061	-8.1	-74.5	-19.7
3.040	9.412	-0.355	2.583	0.610	-0.854	0.000	-8.1	-74.5	-19.7
3.050	9.382	-0.411	2.564	0.488	-0.427	0.122	-8.1	-74.5	-19.7
3.060	9.374	-0.411	2.625	0.549	-0.183	0.061	-8.1	-74.5	-19.7
3.070	9.321	-0.418	2.593	0.732	-0.061	0.061	-8.1	-74.5	-19.7
3.080	9.345	-0.442	2.611	0.732	-0.183	0.061	-8.1	-74.5	-19.7
3.090	9.365	-0.451	2.644	0.732	-0.488	0.122	-8.1	-74.5	-19.7
3.100	9.331	-0.427	2.570	0.610	-0.732	0.061	-8.1	-74.5	-19.7
3.110	9.289	-0.392	2.489	0.671	-0.610	0.061	-8.1	-74.5	-19.7
3.120	9.304	-0.410	2.592	0.732	-0.427	0.061	-8.1	-74.5	-19.7
3.130	9.371	-0.378	2.519	0.854	-0.916	0.061	-8.1	-74.5	-19.7
3.140	9.412	-0.372	2.498	0.854	-1.038	0.061	-8.1	-74.5	-19.6
3.150	9.397	-0.412	2.484	0.671	-0.793	0.122	-8.1	-74.5	-19.6
3.160	9.388	-0.368	2.522	0.671	-0.610	0.183	-8.1	-74.5	-19.6
3.170	9.418	-0.363	2.604	0.671	-0.305	0.122	-8.1	-74.5	-19.6
3.180	9.399	-0.360	2.600	0.488	-0.305	0.122	-8.1	-74.5	-19.6
3.190	9.387	-0.356	2.565	0.488	-0.244	-0.061	-8.1	-74.5	-19.6
3.200	9.354	-0.381	2.586	0.427	-0.122	0.061	-8.1	-74.5	-19.6
3.210	9.326	-0.441	2.590	0.366	-0.244	0.000	-8.1	-74.5	-19.6
3.220	9.339	-0.403	2.580	0.305	-0.305	0.000	-8.1	-74.5	-19.6
3.230	9.340	-0.403	2.489	0.244	-0.305	0.000	-8.1	-74.5	-19.6
3.240	9.352	-0.387	2.547	0.183	-0.427	0.000	-8.1	-74.5	-19.6
3.250	9.345	-0.376	2.492	0.244	-0.610	0.000	-8.1	-74.5	-19.6
3.260	9.346	-0.366	2.556	0.244	-0.793	0.000	-8.1	-74.5	-19.6
3.270	9.356	-0.376	2.525	0.366	-0.793	-0.122	-8.1	-74.5	-19.6
3.280	9.355	-0.376	2.501	0.244	-0.488	-0.061	-8.1	-74.5	-19.6
3.290	9.367	-0.400	2.542	0.305	-0.549	-0.122	-8.1	-74.5	-19.6
3.300	9.362	-0.405	2.551	0.366	-0.610	-0.244	-8.1	-74.5	-19.6
3.310	9.360	-0.366	2.541	0.244	-0.305	-0.183	-8.1	-74.5	-19.6
3.320	9.374	-0.374	2.562	0.244	-0.305	-0.244	-8.1	-74.5	-19.7
3.330	9.343	-0.408	2.540	0.366	-0.366	-0.122	-8.1	-74.5	-19.7
3.340	9.327	-0.410	2.578	0.427	-0.427	0.061	-8.1	-74.5	-19.7
3.350	9.338	-0.398	2.541	0.305	-0.366	0.183	-8.1	-74.5	-19.6
3.360	9.349	-0.441	2.517	0.244	-0.732	0.183	-8.1	-74.5	-19.6
3.370	9.379	-0.379	2.508	0.366	-1.038	0.183	-8.1	-74.5	-19.6
3.380	9.419	-0.345	2.510	0.244	-1.038	0.183	-8.1	-74.6	-19.6
3.390	9.410	-0.355	2.527	0.122	-0.732	0.061	-8.1	-74.6	-19.6
3.400	9.363	-0.329	2.604	0.000	-0.488	-0.122	-8.1	-74.6	-19.6
3.410	9.383	-0.331	2.560	-0.183	-0.549	-0.244	-8.1	-74.6	-19.6
3.420	9.399	-0.366	2.533	-0.305	-0.610	-0.427	-8.1	-74.6	-19.6
3.430	9.407	-0.415	2.515	-0.244	-0.610	-0.549	-8.1	-74.6	-19.7
3.440	9.397	-0.432	2.522	-0.305	-0.549	-0.488	-8.1	-74.6	-19.7
3.450	9.394	-0.433	2.526	-0.122	-0.549	-0.366	-8.1	-74.6	-19.7
3.460	9.368	-0.452	2.523	0.122	-0.427	-0.183	-8.1	-74.6	-19.7
3.470	9.349	-0.463	2.477	0.244	-0.305	0.000	-8.1	-74.6	-19.7
3.480	9.350	-0.435	2.508	0.244	-0.366	0.061	-8.1	-74.6	-19.7
3.490	9.345	-0.420	2.562	0.366	-0.366	0.183	-8.1	-74.6	-19.6
3.500	9.333	-0.402	2.558	0.244	-0.305	0.244	-8.1	-74.6	-19.6
3.510	9.356	-0.376	2.601	0.366	-0.122	0.244	-8.1	-74.6	-19.6
3.520	9.351	-0.378	2.546	0.366	-0.305	0.183	-8.1	-74.6	-19.6
3.530	9.364	-0.382	2.533	0.366	-0.427	0.122	-8.1	-74.6	-19.6
3.540	9.357	-0.366	2.551	0.488	-0.244	0.122	-8.1	-74.6	-19.6
3.550	9.330	-0.404	2.507	0.427	-0.183	0.183	-8.1	-74.6	-19.6
3.560	9.314	-0.421	2.557	0.488	-0.305	0.183	-8.2	-74.6	-19.6
3.570	9.350	-0.415	2.461	0.427	-0.549	0.061	-8.2	-74.6	-19.6
3.580	9.381	-0.386	2.491	0.366	-0.610	0.122	-8.2	-74.6	-19.6
3.590	9.387	-0.421	2.559	0.305	-0.427	0.061	-8.2	-74.6	-19.6
3.600	9.371	-0.360	2.587	0.244	-0.427	-0.061	-8.2	-74.6	-19.6
3.610	9.374	-0.306	2.581	0.244	-0.427	-0.061	-8.2	-74.6	-19.6
3.620	9.325	-0.355	2.550	0.183	-0.183	-0.061	-8.2	-74.6	-19.6
3.630	9.362	-0.381	2.495	0.244	-0.244	-0.122	-8.1	-74.6	-19.6
3.640	9.331	-0.423	2.527	0.305	-0.549	-0.183	-8.1	-74.6	-19.6
3.650	9.376	-0.435	2.463	0.427	-0.732	-0.183	-8.1	-74.6	-19.6
3.660	9.382	-0.418	2.575	0.305	-0.427	-0.122	-8.1	-74.6	-19.6
3.670	9.455	-0.399	2.560	0.549	-0.061	0.061	-8.2	-74.6	-19.6
3.680	9.458	-0.353	2.542	0.488	0.305	0.122	-8.2	-74.6	-19.6
3.690	9.393	-0.357	2.551	0.488	0.549	0.122	-8.1	-74.6	-19.6
3.700	9.410	-0.375	2.517	0.610	0.427	0.122	-8.1	-74.6	-19.6
3.710	9.362	-0.385	2.473	0.610	0.183	0.244	-8.1	-74.6	-19.6
3.720	9.362	-0.394	2.481	0.671	0.244	0.122	-8.1	-74.6	-19.6
3.730	9.374	-0.440	2.487	0.549	0.244	0.122	-8.1	-74.6	-19.6
3.740	9.386	-0.464	2.502	0.488	0.244	0.061	-8.2	-74.6	-19.6
3.750	9.394	-0.387	2.527	0.427	0.061	-0.122	-8.2	-74.6	-19.6
3.760	9.379	-0.336	2.497	0.366	0.183	-0.061	-8.1	-74.6	-19.6
3.770	9.383	-0.355	2.499	0.305	0.244	-0.061	-8.1	-74.6	-19.6
3.780	9.404	-0.335	2.533	0.427	0.183	-0.122	-8.1	-74.6	-19.6
3.790	9.375	-0.408	2.497	0.549	0.183	-0.122	-8.1	-74.6	-19.6
3.800	9.413	-0.448	2.453	0.427	-0.061	-0.244	-8.1	-74.6	-19.6
3.810	9.448	-0.457	2.432	0.244	-0.244	-0.427	-8.1	-74.6	-19.6
3.820	9.462	-0.471	2.465	0.122	0.122	-0.610	-8.1	-74.6	-19.6
3.830	9.557	-0.348	2.442	-0.122	0.183	-0.977	-8.1	-74.6	-19.7
3.840	9.580	-0.287	2.516	-0.061	0.488	-1.404	-8.0	-74.6	-19.7
3.850	9.592	-0.300	2.513	0.244	1.099	-1.770	-7.9	-74.6	-19.8
3.860	9.558	-0.331	2.644	0.427	1.526	-2.136	-7.8	-74.6	-19.9
3.870	9.595	-0.343	2.572	0.610	1.953	-2.686	-7.7	-74.6	-20.0
3.880	9.594	-0.399	2.576	0.732	2.136	-3.357	-7.6	-74.5	-20.1
3.890	9.599	-0.393	2.552	0.793	2.380	-3.845	-7.4	-74.5	-20.3
3.900	9.543	-0.382	2.581	1.038	3.418	-4.089	-7.3	-74.5	-20.5
3.910	9.468	-0.359	2.565	1.465	4.761	-4.211	-7.1	-74.5	-20.6
3.920	9.349	-0.369	2.552	2.014	5.615	-4.272	-6.9	-74.4	-20.8
3.930	9.272	-0.357	2.691	2.686	6.104	-4.395	-6.7	-74.3	-21.0
3.940	9.352	-0.400	2.779	3.479	5.859	-4.211	-6.5	-74.3	-21.2
3.950	9.392	-0.452	2.732	4.272	5.066	-3.784	-6.3	-74.2	-21.3
3.960	9.401	-0.394	2.684	4.944	4.761	-3.052	-6.2	-74.2	-21.5
3.970	9.365	-0.457	2.578	5.188	5.005	-2.014	-6.0	-74.1	-21.5
3.980	9.306	-0.522	2.679	5.249	5.554	-1.038	-5.9	-74.1	-21.6
3.990	9.193	-0.561	2.702	5.188	6.287	-0.061	-5.9	-74.0	-21.6
4.000	9.128	-0.560	2.608	5.127	6.958	0.427	-5.9	-73.9	-21.6
4.010	9.085	-0.501	2.655	4.517	7.263	1.099	-5.9	-73.8	-21.5
4.020	9.070	-0.471	2.698	4.089	7.202	1.709	-5.9	-73.8	-21.5
4.030	9.148	-0.497	2.613	4.150	6.531	2.014	-5.9	-73.7	-21.4
4.040	9.233	-0.546	2.517	4.211	6.165	1.831	-6.0	-73.6	-21.3
4.050	9.288	-0.526	2.495	4.395	5.371	1.709	-6.0	-73.6	-21.2
4.060	9.352	-0.536	2.434	4.150	4.333	1.404	-6.0	-73.5	-21.2
4.070	9.369	-0.410	2.329	4.028	3.845	1.282	-6.0	-73.5	-21.1
4.080	9.348	-0.435	2.314	3.784	3.540	1.221	-6.1	-73.5	-21.1
4.090	9.336	-0.396	2.398	3.662	3.235	0.916	-6.1	-73.5	-21.0
4.100	9.401	-0.335	2.485	3.784	2.930	0.610	-6.1	-73.4	-21.0
4.110	9.428	-0.332	2.553	4.150	2.991	0.244	-6.0	-73.4	-21.0
4.120	9.449	-0.239	2.554	4.028	2.991	0.122	-6.0	-73.4	-21.0
4.130	9.474	-0.296	2.565	4.272	3.601	0.122	-5.9	-73.4	-21.0
4.140	9.368	-0.362	2.541	4.517	4.272	0.061	-5.9	-73.3	-21.0
4.150	9.301	-0.422	2.450	4.395	4.272	0.061	-5.9	-73.3	-21.0
4.160	9.273	-0.392	2.535	4.578	3.845	0.000	-5.8	-73.3	-21.0
4.170	9.261	-0.360	2.466	4.578	3.052	0.122	-5.8	-73.2	-21.0
4.180	9.339	-0.399	2.484	4.456	2.441	0.244	-5.7	-73.2	-21.0
4.190	9.373	-0.392	2.471	4.272	2.380	0.488	-5.7	-73.2	-21.0
4.200	9.377	-0.379	2.554	4.150	2.441	0.305	-5.7	-73.2	-20.9
4.210	9.374	-0.423	2.554	3.845	2.075	0.061	-5.7	-73.2	-20.9
4.220	9.407	-0.399	2.643	3.540	1.526	-0.488	-5.7	-73.2	-20.9
4.230	9.399	-0.384	2.706	3.113	0.916	-1.099	-5.6	-73.2	-20.9
4.240	9.375	-0.424	2.649	2.563	0.183	-1.709	-5.5	-73.2	-21.0
4.250	9.360	-0.370	2.635	1.709	-0.244	-2.136	-5.5	-73.2	-21.0
4.260	9.400	-0.400	2.638	0.610	0.122	-2.258	-5.4	-73.2	-21.1
4.270	9.486	-0.477	2.569	0.183	1.343	-2.441	-5.3	-73.2	-21.2
4.280	9.617	-0.458	2.334	-0.305	4.578	-2.930	-5.3	-73.2	-21.2
4.290	9.442	-0.360	2.465	0.244	8.728	-4.089	-5.2	-73.1	-21.4
4.300	9.318	-0.266	2.477	2.136	7.751	-5.127	-5.0	-73.0	-21.6
4.310	9.567	-0.289	2.510	3.418	6.958	-4.639	-4.8	-73.0	-21.7
4.320	9.538	-0.415	2.479	4.578	8.301	-3.662	-4.6	-72.9	-21.9
4.330	9.413	-0.538	2.475	5.493	9.949	-3.174	-4.4	-72.8	-22.0
4.340	9.288	-0.592	2.525	6.042	10.376	-3.113	-4.3	-72.8	-22.1
4.350	9.202	-0.641	2.582	6.226	10.315	-2.991	-4.2	-72.7	-22.2
4.360	9.176	-0.648	2.648	6.470	8.911	-2.747	-4.1	-72.6	-22.2
4.370	9.188	-0.630	2.514	7.019	7.263	-2.319	-4.0	-72.5	-22.3
4.380	9.221	-0.562	2.405	7.324	6.836	-1.526	-3.9	-72.5	-22.3
4.390	9.197	-0.412	2.252	7.141	8.179	-0.671	-3.8	-72.4	-22.3
4.400	9.131	-0.260	2.198	6.592	9.888	0.244	-3.8	-72.3	-22.3
4.410	9.030	-0.206	2.288	6.470	10.071	1.465	-3.7	-72.3	-22.2
4.420	8.991	-0.224	2.353	6.836	8.728	3.174	-3.8	-72.2	-22.2
4.430	8.974	-0.235	2.265	6.714	6.836	4.333	-3.8	-72.1	-22.0
4.440	8.997	-0.284	2.205	6.104	5.249	5.432	-3.9	-72.1	-21.9
4.450	9.046	-0.423	2.219	5.005	3.967	5.920	-4.0	-72.1	-21.7
4.460	8.996	-0.572	2.177	3.906	2.563	5.981	-4.2	-72.1	-21.4
4.470	8.936	-0.700	2.327	2.441	2.441	6.409	-4.4	-72.1	-21.2
4.480	8.915	-0.829	2.417	1.648	1.953	7.446	-4.7	-72.0	-20.9
4.490	8.871	-0.780	2.282	1.404	1.404	8.850	-5.0	-72.0	-20.5
4.500	8.721	-0.710	2.207	1.526	2.502	11.230	-5.4	-72.0	-20.1
4.510	8.429	-0.640	2.158	1.770	4.333	14.038	-5.9	-72.0	-19.7
4.520	8.203	-0.557	2.144	1.892	5.005	16.724	-6.4	-71.9	-19.1
4.530	7.899	-0.471	1.896	1.282	5.615	19.592	-7.0	-71.9	-18.5
4.540	7.763	-0.285	1.954	-0.244	7.324	22.705	-7.6	-71.8	-17.8
4.550	7.773	-0.129	2.162	-2.319	7.996	25.879	-8.4	-71.7	-17.1
4.560	7.989	0.219	2.138	-3.113	7.813	28.625	-9.2	-71.6	-16.2
4.570	8.473	0.517	2.278	-3.784	7.324	30.701	-10.0	-71.5	-15.4
4.580	9.421	0.593	2.556	-5.737	5.310	31.860	-10.8	-71.4	-14.6
4.590	10.732	0.462	2.704	-7.019	5.005	32.410	-11.6	-71.3	-13.8
4.600	11.008	0.443	2.382	-6.409	7.080	31.921	-12.4	-71.3	-13.0
4.610	11.314	-0.032	2.392	-4.272	10.559	30.945	-13.2	-71.2	-12.2
4.620	10.628	0.007	2.140	-3.906	17.334	30.762	-13.9	-71.0	-11.5
4.630	10.005	0.391	2.163	-3.479	19.653	31.311	-14.6	-70.8	-10.8
4.640	9.512	0.676	2.086	-6.531	14.954	31.433	-15.3	-70.6	-10.1
4.650	10.354	-0.031	1.875	-8.179	11.230	29.419	-15.9	-70.5	-9.5
4.660	11.286	-0.590	2.175	-13.916	10.132	25.391	-16.6	-70.4	-8.9
4.670	11.361	-0.786	2.193	-15.564	12.756	19.348	-17.3	-70.3	-8.4
4.680	11.436	-0.804	2.891	-14.160	14.526	12.695	-17.7	-70.2	-8.1
4.690	10.998	-0.769	2.299	-10.010	15.076	6.165	-17.9	-70.0	-8.0
4.700	10.390	-0.449	2.730	-12.268	17.517	1.099	-17.9	-69.9	-8.1
4.710	9.917	0.074	2.293	-9.888	15.320	-1.831	-17.8	-69.8	-8.4
4.720	9.564	0.272	1.898	-9.399	16.418	-2.136	-17.6	-69.7	-8.7
4.730	9.281	0.133	1.999	-10.376	17.944	-1.404	-17.4	-69.7	-9.0
4.740	9.410	-0.130	2.180	-10.986	16.663	-0.793	-17.2	-69.6	-9.2
4.750	9.476	-0.367	1.889	-10.803	16.907	-0.549	-17.1	-69.5	-9.5
4.760	9.433	-0.505	1.870	-11.353	18.799	-0.061	-17.1	-69.3	-9.6
4.770	9.200	-0.670	1.834	-12.085	20.752	0.793	-17.0	-69.2	-9.8
4.780	8.936	-0.836	1.645	-12.878	21.484	0.977	-17.0	-69.1	-10.0
4.790	8.674	-0.706	1.721	-11.719	21.790	0.549	-17.0	-68.9	-10.1
4.800	8.562	-0.538	1.660	-11.108	20.935	0.122	-17.0	-68.8	-10.2
4.810	8.754	-0.591	1.505	-13.184	19.959	1.709	-17.0	-68.6	-10.4
4.820	8.839	-0.311	1.877	-14.771	19.470	1.099	-17.1	-68.5	-10.5
4.830	9.154	-0.124	1.830	-14.221	17.212	-0.610	-17.0	-68.4	-10.7
4.840	9.465	0.142	1.912	-17.456	15.076	-0.427	-17.0	-68.3	-10.9
4.850	9.904	0.141	1.910	-17.578	17.273	0.122	-17.0	-68.3	-11.1
4.860	10.273	0.180	2.228	-18.738	18.677	-0.366	-16.9	-68.2	-11.3
4.870	10.353	0.096	2.253	-20.264	19.470	-1.953	-16.9	-68.1	-11.6
4.880	10.387	0.591	1.926	-19.592	18.127	-3.906	-16.8	-68.0	-11.9
4.890	10.548	0.554	1.919	-22.583	19.226	-6.653	-16.6	-67.9	-12.4
4.900	10.397	0.432	1.786	-23.071	22.583	-9.460	-16.3	-67.8	-12.9
4.910	10.346	0.205	1.877	-25.635	22.888	-13.733	-16.0	-67.8	-13.4
4.920	10.470	0.547	1.760	-28.809	19.714	-17.456	-15.7	-67.7	-14.1
4.930	10.659	0.706	1.746	-29.968	19.836	-19.409	-15.3	-67.7	-14.8
4.940	10.631	0.620	1.897	-31.006	21.912	-19.836	-14.9	-67.6	-15.6
4.950	10.610	0.288	1.963	-32.471	18.127	-21.423	-14.4	-67.6	-16.4
4.960	10.482	0.099	1.682	-32.959	10.376	-24.170	-14.1	-67.6	-17.2
4.970	10.288	-0.210	1.318	-30.579	4.700	-25.513	-13.7	-67.8	-17.9
4.980	10.249	0.115	1.553	-28.748	0.977	-24.109	-13.3	-67.9	-18.6
4.990	10.181	-0.046	2.255	-22.339	-1.770	-21.057	-13.0	-68.1	-19.2
5.000	10.311	-0.400	3.924	-17.273	-8.606	-19.165	-12.6	-68.2	-19.8
5.010	11.054	-1.844	5.754	-3.479	-16.968	-20.325	-12.3	-68.4	-20.2
5.020	12.739	-5.230	5.335	6.958	-23.193	-25.024	-11.9	-68.6	-20.6
5.030	12.394	-5.035	2.437	12.146	-25.635	-32.288	-11.7	-68.9	-20.8
5.040	10.604	-3.409	3.714	17.212	-14.526	-30.396	-11.4	-69.2	-21.1
5.050	9.573	-2.350	4.841	26.794	-16.479	-26.184	-10.8	-69.3	-21.5
5.060	9.459	-1.340	4.552	33.081	-25.391	-22.949	-10.1	-69.5	-21.9
5.070	9.136	-0.272	4.448	33.875	-22.156	-18.127	-9.4	-69.8	-22.3
5.080	8.640	0.395	5.382	31.372	-9.766	-9.949	-8.7	-69.9	-22.7
5.090	8.477	0.078	6.509	29.541	-6.653	-4.028	-8.1	-69.8	-23.0
5.100	8.537	-1.102	6.779	33.020	-8.850	-3.174	-7.6	-69.8	-23.1
5.110	8.943	-2.420	6.459	34.607	-8.484	-6.653	-7.3	-69.7	-23.2
5.120	9.219	-2.964	5.655	33.386	-10.437	-13.367	-6.9	-69.7	-23.2
5.130	9.034	-3.053	5.050	31.921	-9.216	-19.836	-6.4	-69.7	-23.5
5.140	8.732	-2.434	4.328	32.104	-9.216	-23.621	-5.8	-69.7	-23.8
5.150	8.665	-1.870	4.004	33.508	-11.597	-25.696	-5.0	-69.8	-24.3
5.160	8.689	-0.552	3.626	38.147	-18.188	-26.489	-4.1	-69.9	-24.9
5.170	8.768	0.553	3.163	41.748	-23.926	-24.719	-3.1	-70.2	-25.6
5.180	9.138	1.319	3.008	43.213	-23.132	-20.142	-1.9	-70.4	-26.3
5.190	9.246	1.385	3.097	43.762	-20.813	-14.221	-0.9	-70.7	-26.9
5.200	9.151	1.222	3.477	41.138	-17.761	-8.972	0.0	-70.8	-27.4
5.210	8.791	1.015	3.467	33.325	-16.357	-4.211	0.7	-71.0	-27.7
5.220	8.541	0.148	3.562	26.855	-14.099	0.122	1.1	-71.1	-27.9
5.230	8.490	-0.563	3.596	20.325	-14.954	3.662	1.3	-71.2	-27.8
5.240	8.914	-1.116	3.212	15.503	-17.761	5.188	1.2	-71.4	-27.6
5.250	8.711	-1.443	2.847	12.756	-13.794	6.531	1.0	-71.5	-27.2
5.260	8.441	-1.595	2.517	12.878	-11.719	8.179	0.6	-71.6	-26.8
5.270	8.030	-1.848	2.329	17.883	-10.803	8.606	0.3	-71.8	-26.3
5.280	7.465	-1.887	1.954	21.851	-10.925	8.484	0.0	-71.9	-25.7
5.290	6.901	-2.057	1.630	25.574	-13.672	8.118	-0.3	-72.0	-25.2
5.300	7.042	-1.335	1.975	26.428	-16.968	8.118	-0.5	-72.2	-24.7
5.310	6.684	-1.016	1.586	31.982	-20.630	7.874	-0.7	-72.4	-24.3
5.320	6.775	-0.806	1.670	30.334	-20.691	9.338	-0.8	-72.6	-23.8
5.330	6.798	-0.495	1.422	27.710	-26.978	9.949	-0.9	-72.9	-23.4
5.340	6.829	-0.183	1.933	28.137	-27.405	13.916	-1.2	-73.2	-22.9
5.350	6.872	0.029	1.606	25.696	-30.640	16.235	-1.5	-73.5	-22.3
5.360	6.860	0.186	1.706	20.020	-27.893	19.897	-1.9	-73.8	-21.6
5.370	7.378	0.271	2.001	21.179	-27.344	20.508	-2.4	-74.1	-20.8
5.380	7.558	0.767	2.027	22.644	-25.146	19.714	-2.9	-74.3	-20.2
5.390	7.405	0.698	1.051	27.161	-22.766	17.883	-3.1	-74.6	-19.6
5.400	7.301	0.535	1.329	20.630	-16.418	17.029	-3.5	-74.8	-19.0
5.410	7.205	-0.052	1.576	19.226	-14.526	15.930	-3.8	-74.9	-18.4
5.420	7.588	-0.264	1.574	15.503	-16.174	13.916	-4.2	-75.1	-17.8
5.430	8.395	-0.508	1.518	10.315	-19.287	11.902	-4.7	-75.3	-17.2
5.440	9.349	-0.366	1.172	8.118	-23.254	9.338	-5.1	-75.5	-16.7
5.450	10.189	-0.326	0.734	6.897	-21.973	8.240	-5.5	-75.8	-16.3
5.460	10.376	-0.234	0.774	8.301	-16.113	7.751	-5.8	-76.1	-15.9
5.470	10.821	-0.343	0.602	4.761	-13.916	8.057	-6.2	-76.3	-15.4
5.480	10.421	-0.088	0.612	3.113	-7.324	9.766	-6.6	-76.4	-15.0
5.490	10.129	-0.089	0.930	3.052	-1.404	12.146	-7.1	-76.5	-14.5
5.500	9.849	-0.223	1.064	3.906	2.380	14.221	-7.6	-76.5	-13.9
5.510	9.790	-0.676	1.296	4.883	3.418	15.076	-8.1	-76.5	-13.2
5.520	9.941	-1.255	1.310	5.859	-1.160	14.038	-8.8	-76.5	-12.5
5.530	10.122	-1.906	1.032	6.226	-7.324	12.512	-9.5	-76.6	-11.7
5.540	10.244	-2.338	0.804	5.371	-13.550	9.644	-10.3	-76.8	-10.8
5.550	10.127	-2.884	1.112	-0.610	-17.578	5.432	-11.2	-77.0	-10.0
5.560	10.134	-3.014	1.538	-6.104	-22.583	-0.854	-12.0	-77.2	-9.3
5.570	10.087	-1.891	1.283	-9.583	-31.189	-10.498	-12.5	-77.5	-8.9
5.580	10.385	0.865	0.367	-10.010	-38.574	-19.592	-12.4	-77.9	-9.1
5.590	11.481	3.969	0.199	-13.062	-37.781	-20.142	-11.5	-78.4	-10.1
5.600	13.034	4.734	-0.748	-9.399	-20.264	-9.033	-10.3	-78.9	-11.4
5.610	12.341	2.720	-1.199	-0.122	10.559	2.197	-9.3	-79.0	-12.4
5.620	10.148	-0.909	2.234	3.357	31.250	7.690	-9.0	-78.9	-12.7
5.630	9.364	-4.060	8.882	1.160	12.939	9.521	-9.5	-78.5	-12.1
5.640	11.098	-5.696	11.976	-2.441	-38.208	14.954	-11.0	-78.4	-10.7
5.650	14.868	-4.797	11.872	-20.508	-71.167	33.813	-13.8	-78.5	-8.0
5.660	16.511	-0.937	5.960	-27.588	-61.890	57.068	-17.6	-78.7	-4.4
5.670	12.912	1.391	1.864	-27.710	-10.681	66.406	-21.1	-78.6	-1.1
5.680	9.579	2.201	4.500	-19.165	29.907	62.805	-23.3	-78.2	0.9
5.690	8.899	1.718	6.203	-1.343	45.654	62.744	-24.3	-77.5	2.0
5.700	8.949	0.043	5.917	4.272	37.415	56.458	-25.1	-76.7	2.8
5.710	10.270	-0.798	5.354	5.615	18.677	43.518	-26.0	-76.2	3.8
5.720	11.892	-1.958	3.638	1.526	11.108	31.128	-26.7	-75.8	4.6
5.730	13.243	-2.730	2.043	-6.104	17.029	19.959	-27.4	-75.5	5.2
5.740	12.760	-2.210	1.417	-16.418	29.358	5.249	-27.6	-75.3	5.3
5.750	11.567	-0.894	3.049	-17.944	40.955	-8.118	-27.1	-75.0	4.6
5.760	10.691	-0.311	2.902	-15.564	38.086	-19.226	-25.9	-74.7	3.2
5.770	9.419	0.121	2.347	-15.930	34.668	-26.611	-24.5	-74.5	1.6
5.780	7.852	0.763	2.229	-18.860	31.738	-28.809	-23.1	-74.4	-0.1
5.790	7.210	1.496	2.829	-23.315	22.034	-28.809	-21.7	-74.3	-1.7
5.800	7.327	1.452	2.335	-24.231	12.451	-25.757	-20.5	-74.2	-3.2
5.810	7.761	1.210	2.096	-25.818	10.803	-20.752	-19.5	-74.2	-4.4
5.820	7.650	0.594	1.675	-28.748	17.090	-14.832	-18.8	-74.1	-5.5
5.830	6.898	1.221	2.006	-32.104	21.667	-10.742	-18.3	-74.0	-6.3
5.840	7.329	0.825	2.388	-30.701	18.738	-9.949	-17.8	-73.9	-7.1
5.850	7.576	0.098	1.669	-33.264	11.780	-12.939	-17.4	-73.8	-7.9
5.860	7.110	-0.052	1.881	-40.527	12.878	-17.395	-17.0	-73.7	-8.7
5.870	7.425	-1.145	1.634	-39.734	13.367	-21.423	-16.6	-73.7	-9.6
5.880	7.066	-1.113	1.146	-38.757	18.005	-25.024	-16.1	-73.6	-10.4
5.890	6.864	-1.211	1.633	-39.734	24.963	-23.438	-15.6	-73.4	-11.4
5.900	6.545	-1.024	1.469	-42.664	21.057	-22.827	-15.2	-73.3	-12.3
5.910	6.519	-1.228	1.320	-39.246	24.658	-19.653	-14.9	-73.1	-13.0
5.920	6.217	-0.964	1.244	-39.307	29.236	-17.273	-14.6	-72.9	-13.8
5.930	6.350	-0.622	1.555	-36.926	29.785	-15.381	-14.3	-72.7	-14.5
5.940	6.739	-0.168	1.568	-35.522	25.635	-12.878	-14.1	-72.5	-15.1
5.950	7.483	-0.378	1.390	-35.034	22.095	-10.620	-13.8	-72.3	-15.7
5.960	8.239	-0.664	1.502	-31.921	21.118	-9.338	-13.7	-72.2	-16.2
5.970	8.832	-1.054	1.521	-29.907	18.188	-12.512	-13.6	-72.0	-16.6
5.980	9.060	-0.821	1.381	-28.076	16.602	-17.456	-13.4	-72.0	-17.2
5.990	9.077	-0.307	0.989	-27.527	15.564	-20.569	-13.0	-71.9	-17.9
6.000	9.251	-0.145	0.792	-28.931	13.062	-22.583	-12.5	-71.9	-18.7
6.010	9.127	0.116	0.644	-31.372	10.376	-23.560	-12.0	-71.9	-19.5
6.020	8.998	0.407	0.757	-34.119	5.432	-22.034	-11.6	-72.0	-20.3
6.030	8.976	0.664	0.828	-35.461	0.671	-18.616	-11.2	-72.1	-21.1
6.040	9.377	0.851	1.244	-36.865	-3.845	-14.465	-11.0	-72.3	-21.7
6.050	10.079	1.093	1.575	-37.048	-7.507	-10.620	-10.9	-72.4	-22.2
6.060	10.622	0.694	1.904	-35.400	-13.794	-6.592	-10.9	-72.6	-22.5
6.070	10.328	-0.396	1.784	-31.982	-16.907	1.526	-11.2	-72.9	-22.6
6.080	9.721	-2.456	1.781	-29.480	-14.587	13.733	-12.0	-73.0	-22.1
6.090	10.201	-3.612	2.335	-25.818	-16.785	15.320	-13.2	-73.2	-21.0
6.100	10.729	-4.673	5.323	-19.348	-8.179	7.385	-14.4	-73.3	-20.1
6.110	11.441	-3.138	8.269	-18.982	-7.568	-8.484	-14.9	-73.2	-19.9
6.120	13.546	-2.824	9.755	-19.409	-24.902	-29.724	-14.5	-73.2	-20.4
6.130	15.443	-1.638	11.082	-2.136	-38.452	-44.434	-13.6	-73.4	-21.5
6.140	15.602	-3.434	9.137	31.555	-12.268	-45.837	-11.9	-73.4	-23.0
6.150	11.430	-1.763	8.177	36.133	10.864	-43.274	-10.2	-73.2	-24.4
6.160	8.192	-0.500	6.341	29.907	3.479	-40.833	-8.5	-73.0	-25.8
6.170	7.192	-0.345	5.267	21.179	-3.784	-39.734	-7.0	-72.9	-27.2
6.180	6.648	-0.013	5.424	14.832	-7.751	-41.016	-5.5	-72.9	-28.6
6.190	7.366	0.371	5.413	9.888	-20.325	-39.429	-4.0	-73.0	-30.0
6.200	9.125	0.121	5.494	7.019	-38.452	-34.058	-2.7	-73.2	-31.3
6.210	11.149	-1.423	5.771	16.357	-46.387	-23.193	-1.8	-73.5	-32.1
6.220	13.508	-2.310	3.929	29.541	-52.673	-13.672	-1.3	-74.0	-32.4
6.230	15.167	-3.130	1.164	38.025	-40.222	-7.935	-1.0	-74.5	-32.4
6.240	13.639	-3.130	0.853	45.837	-6.470	-6.592	-0.8	-74.7	-32.1
6.250	10.659	-2.270	2.923	48.950	27.161	-5.798	-0.6	-74.6	-31.9
6.260	8.220	-1.414	4.982	50.720	22.888	-6.287	-0.2	-74.3	-31.8
6.270	7.224	-0.275	4.230	54.810	3.113	-6.104	0.4	-74.1	-31.9
6.280	7.522	0.371	3.813	50.476	-4.822	-5.310	1.1	-74.1	-32.1
6.290	8.148	0.828	3.641	42.847	-9.827	-5.737	1.8	-74.1	-32.4
6.300	8.675	0.894	3.227	36.316	-15.503	-2.319	2.5	-74.2	-32.6
6.310	8.817	0.846	2.534	31.799	-18.616	1.587	2.9	-74.3	-32.7
6.320	8.422	0.308	1.994	29.541	-13.672	5.493	3.2	-74.5	-32.7
6.330	8.139	-0.426	2.036	27.771	-7.385	8.545	3.2	-74.6	-32.4
6.340	6.981	-1.068	1.887	27.588	-2.991	12.939	3.0	-74.7	-31.9
6.350	7.411	-2.019	1.846	26.672	-8.301	16.296	2.4	-74.7	-31.1
6.360	7.471	-2.279	1.488	26.917	-11.353	17.273	1.7	-74.9	-30.1
6.370	7.246	-2.067	1.298	27.527	-10.742	18.188	1.0	-75.0	-29.1
6.380	7.199	-1.986	1.148	28.015	-9.766	19.470	0.1	-75.1	-28.0
6.390	7.084	-1.375	1.387	28.564	-7.935	20.630	-0.7	-75.2	-26.9
6.400	6.648	-0.720	0.911	31.494	-7.629	22.278	-1.4	-75.3	-25.8
6.410	6.207	-0.447	1.085	32.349	-6.958	23.376	-2.1	-75.4	-24.8
6.420	6.386	-0.991	0.976	35.400	-6.836	25.452	-2.8	-75.5	-23.7
6.430	6.529	-0.463	0.954	29.846	-10.498	25.208	-3.6	-75.6	-22.5
6.440	6.767	0.043	1.405	28.687	-13.855	22.827	-4.3	-75.7	-21.5
6.450	7.220	0.389	1.221	24.292	-19.226	19.653	-4.9	-75.9	-20.6
6.460	7.420	0.512	1.086	20.569	-20.081	17.090	-5.4	-76.1	-19.9
6.470	7.490	0.723	1.318	19.959	-19.409	15.076	-5.7	-76.3	-19.3
6.480	7.902	0.517	1.319	29.114	-17.639	13.000	-5.9	-76.5	-18.8
6.490	8.067	0.467	1.471	23.865	-14.099	11.841	-6.1	-76.7	-18.4
6.500	8.238	0.446	1.682	21.851	-10.254	12.146	-6.3	-76.8	-17.9
6.510	8.694	0.345	1.737	18.005	-8.667	13.184	-6.6	-76.9	-17.4
6.520	9.480	-0.038	1.330	19.165	-7.141	13.550	-6.9	-77.0	-16.9
6.530	10.215	-0.248	0.885	14.832	-5.432	13.000	-7.4	-77.0	-16.3
6.540	10.626	-0.539	0.755	17.029	0.305	12.329	-7.8	-77.1	-15.7
6.550	10.820	-0.765	-0.072	15.808	1.282	10.925	-8.2	-77.1	-15.1
6.560	10.682	-0.707	0.140	11.169	6.592	8.423	-8.6	-77.2	-14.6
6.570	10.124	-0.611	0.490	6.226	11.597	6.897	-8.9	-77.2	-14.3
6.580	9.801	-0.629	-0.089	8.362	7.385	5.432	-9.1	-77.1	-14.0
6.590	9.522	-0.578	-0.120	11.780	2.441	2.991	-9.2	-77.2	-13.7
6.600	9.157	-0.809	0.676	11.780	-0.549	-0.183	-9.3	-77.3	-13.6
6.610	8.998	-0.940	1.730	6.958	-6.653	-4.700	-9.2	-77.4	-13.6
6.620	8.931	-0.748	1.796	1.221	-10.132	-9.460	-9.0	-77.5	-13.7
6.630	9.128	0.205	1.363	-0.427	-11.963	-13.916	-8.6	-77.6	-14.2
6.640	8.938	1.099	0.259	-0.427	-12.573	-17.700	-7.7	-77.8	-15.0
6.650	8.891	1.626	1.079	-1.099	-15.259	-17.639	-6.7	-78.0	-16.1
6.660	9.059	0.218	2.874	-2.808	-23.621	-7.202	-6.0	-78.3	-16.8
6.670	10.140	-2.312	8.376	-13.611	-33.875	14.404	-6.7	-78.5	-16.3
6.680	12.539	-3.945	12.382	-26.733	-57.800	47.607	-9.5	-78.6	-13.7
6.690	14.832	-2.689	9.079	-30.945	-74.341	79.102	-14.3	-78.7	-9.0
6.700	14.065	0.773	5.531	-32.898	-46.143	93.201	-19.7	-78.8	-3.9
6.710	12.828	2.242	4.389	-25.391	-12.573	90.454	-23.9	-78.5	0.1
6.720	12.881	2.396	5.571	-13.916	16.052	81.848	-26.6	-78.1	2.8
6.730	12.486	1.250	6.260	-7.629	30.457	68.848	-28.1	-77.4	4.3
6.740	13.368	-0.130	5.961	-6.348	16.846	48.096	-29.0	-76.9	5.2
6.750	14.417	-2.044	4.242	-7.568	5.493	28.564	-29.7	-76.6	5.8
6.760	15.255	-2.869	2.955	-14.893	13.733	12.695	-30.3	-76.4	6.3
6.770	14.125	-2.560	2.113	-20.142	21.667	-4.028	-30.2	-76.2	6.0
6.780	12.195	-0.673	1.440	-16.907	36.926	-15.869	-29.5	-76.0	5.0
6.790	10.329	-0.499	2.666	-17.029	52.856	-22.095	-27.9	-75.7	3.2
6.800	8.981	0.411	3.097	-15.259	47.729	-26.733	-26.1	-75.3	1.2
6.810	7.990	1.190	2.030	-19.348	34.302	-25.391	-24.4	-75.1	-0.7
6.820	7.618	1.775	1.766	-24.780	26.123	-22.583	-23.1	-75.0	-2.3
6.830	8.018	1.964	1.843	-28.809	24.414	-18.005	-22.0	-74.9	-3.7
6.840	7.791	1.948	1.494	-33.508	24.414	-13.000	-21.0	-74.8	-5.0
6.850	7.824	1.973	1.250	-39.978	25.635	-5.310	-20.4	-74.6	-6.0
6.860	8.492	1.305	1.380	-43.701	24.353	-2.747	-20.1	-74.5	-6.8
6.870	8.075	0.286	1.405	-49.377	22.339	-4.028	-19.9	-74.3	-7.4
6.880	8.228	-1.064	0.911	-49.988	17.822	-11.719	-19.8	-74.2	-8.1
6.890	7.404	-1.551	0.494	-52.429	20.813	-19.714	-19.6	-74.1	-8.8
6.900	7.108	-1.778	0.758	-53.955	22.949	-24.902	-19.3	-74.0	-9.7
6.910	7.064	-1.785	0.857	-49.438	28.259	-27.161	-18.9	-73.9	-10.7
6.920	6.405	-1.940	0.858	-42.847	35.034	-26.978	-18.3	-73.7	-11.8
6.930	5.871	-1.849	1.130	-36.194	38.025	-25.330	-17.7	-73.4	-12.9
6.940	5.487	-2.190	1.028	-31.189	35.584	-21.973	-17.1	-73.2	-13.8
6.950	5.018	-1.583	1.228	-29.175	31.982	-18.799	-16.7	-72.9	-14.6
6.960	5.024	-1.600	1.040	-24.414	31.921	-15.015	-16.4	-72.6	-15.2
6.970	5.463	-1.477	0.904	-23.499	29.541	-12.817	-16.1	-72.4	-15.8
6.980	6.197	-1.206	0.955	-20.813	29.175	-11.902	-15.9	-72.1	-16.3
6.990	6.932	-1.139	1.296	-18.799	26.489	-11.353	-15.6	-71.9	-16.8
7.000	7.481	-0.937	1.374	-16.235	19.897	-11.169	-15.4	-71.8	-17.2
7.010	8.252	-0.618	1.363	-13.916	16.418	-11.353	-15.1	-71.7	-17.7
7.020	8.866	-0.184	0.704	-14.648	10.071	-11.353	-14.8	-71.7	-18.1
7.030	9.059	0.461	0.505	-17.334	11.658	-11.963	-14.6	-71.7	-18.5
7.040	9.225	1.260	1.161	-21.973	15.198	-10.559	-14.2	-71.7	-19.1
7.050	9.510	1.870	1.487	-24.536	14.587	-7.263	-13.9	-71.6	-19.7
7.060	10.062	2.377	1.770	-25.513	12.268	-2.991	-13.6	-71.6	-20.3
7.070	10.701	2.463	1.769	-24.780	8.118	-0.427	-13.4	-71.6	-20.7
7.080	10.375	1.707	1.876	-24.719	4.333	3.601	-13.3	-71.7	-21.0
7.090	10.578	-0.443	2.534	-17.395	-3.906	7.568	-13.4	-71.7	-21.1
7.100	11.446	-2.155	3.243	-18.066	-19.836	3.357	-13.9	-71.9	-20.7
7.110	12.283	-5.029	4.393	-10.864	-32.410	-6.897	-14.4	-72.2	-20.4
7.120	14.241	-7.002	7.266	5.615	-31.250	-24.109	-14.7	-72.4	-20.2
7.130	15.135	-7.049	7.351	29.541	-14.343	-39.978	-14.2	-72.5	-20.4
7.140	13.610	-2.766	7.486	43.030	-12.268	-48.218	-13.1	-72.6	-21.3
7.150	11.703	-0.712	10.094	61.096	-18.494	-41.016	-11.3	-72.7	-22.6
7.160	12.083	0.996	9.642	86.365	-25.146	-29.175	-9.3	-72.7	-23.8
7.170	12.600	0.212	5.982	67.627	-36.011	-22.949	-7.7	-72.9	-24.6
7.180	11.313	1.967	4.123	50.842	-24.109	-25.574	-6.3	-73.1	-25.6
7.190	9.513	2.522	4.127	29.175	-13.062	-26.489	-4.7	-73.3	-26.8
7.200	8.493	2.351	4.497	15.930	-7.874	-26.184	-3.2	-73.3	-28.1
7.210	7.887	1.818	4.807	8.667	-1.160	-22.644	-2.0	-73.3	-29.3
7.220	8.317	0.218	4.920	6.042	-8.240	-20.447	-0.9	-73.2	-30.3
7.230	9.211	-1.788	4.939	12.939	-15.747	-20.264	-0.2	-73.3	-30.9
7.240	10.706	-3.531	4.610	23.071	-26.306	-22.644	0.4	-73.4	-31.4
7.250	12.268	-3.914	2.727	32.043	-32.898	-28.381	1.0	-73.7	-31.8
7.260	11.894	-3.236	1.711	39.673	-14.343	-27.893	1.8	-73.9	-32.2
7.270	10.730	-2.232	3.287	46.936	7.080	-24.658	2.6	-74.0	-32.7
7.280	9.733	-0.886	4.545	50.903	8.728	-20.447	3.5	-73.8	-33.1
7.290	9.988	0.036	4.448	49.683	-4.395	-15.137	4.5	-73.7	-33.6
7.300	9.745	0.594	3.677	42.603	-16.113	-8.118	5.3	-73.8	-34.0
7.310	9.005	0.698	3.431	33.508	-18.433	2.014	5.8	-73.9	-34.1
7.320	9.041	0.241	2.941	26.245	-22.034	11.719	5.8	-74.1	-33.9
7.330	8.415	-0.428	1.912	21.851	-14.771	19.714	5.5	-74.3	-33.3
7.340	7.887	-1.013	2.083	21.667	-3.845	25.574	4.7	-74.4	-32.3
7.350	7.465	-1.595	1.666	23.743	0.793	28.931	3.7	-74.4	-31.0
7.360	6.805	-2.402	1.770	27.344	-0.732	28.625	2.6	-74.5	-29.6
7.370	7.370	-2.620	1.766	30.151	-12.268	25.391	1.5	-74.6	-28.2
7.380	6.919	-2.170	0.974	33.569	-19.775	21.179	0.7	-74.8	-27.0
7.390	7.181	-1.759	0.761	34.668	-21.301	19.348	-0.1	-75.0	-25.9
7.400	7.005	-0.876	0.570	36.072	-21.362	16.602	-0.7	-75.3	-25.0
7.410	6.774	-0.420	0.429	36.011	-19.287	16.907	-1.1	-75.5	-24.2
7.420	6.506	0.241	0.594	35.461	-16.663	18.921	-1.5	-75.8	-23.4
7.430	6.116	0.336	0.655	34.302	-15.381	21.851	-2.0	-75.9	-22.6
7.440	6.321	0.695	0.976	31.555	-20.447	22.583	-2.5	-76.2	-21.7
7.450	6.556	0.995	0.584	29.907	-26.306	22.217	-3.0	-76.4	-20.8
7.460	6.720	1.417	0.439	28.259	-25.330	21.667	-3.5	-76.7	-20.0
7.470	6.626	1.310	0.494	29.541	-19.348	20.325	-3.8	-77.0	-19.4
7.480	6.830	1.040	0.968	24.841	-17.029	17.334	-4.2	-77.2	-18.7
7.490	7.262	0.710	1.311	29.419	-17.029	12.329	-4.3	-77.3	-18.3
7.500	7.759	0.426	1.221	27.710	-14.954	9.277	-4.4	-77.5	-17.9
7.510	8.243	0.049	1.229	25.208	-6.958	8.301	-4.4	-77.6	-17.6
7.520	8.683	-0.165	1.214	21.484	1.282	8.301	-4.6	-77.6	-17.2
7.530	9.139	-0.628	1.155	20.752	10.498	9.277	-4.8	-77.6	-16.8
7.540	9.115	-0.786	1.089	20.142	14.771	11.292	-5.1	-77.5	-16.2
7.550	9.041	-0.976	0.484	22.766	14.160	13.733	-5.6	-77.3	-15.6
7.560	9.351	-1.036	-0.118	22.583	12.634	15.686	-6.2	-77.3	-14.7
7.570	9.303	-1.190	-0.144	19.104	14.099	15.808	-6.8	-77.2	-13.9
7.580	9.337	-1.249	0.084	15.869	8.240	12.756	-7.4	-77.2	-13.1
7.590	9.355	-1.390	0.000	14.832	0.427	7.324	-7.9	-77.2	-12.5
7.600	9.273	-1.164	0.547	13.977	-6.531	-0.732	-8.1	-77.3	-12.1
7.610	8.732	-0.734	1.380	13.306	-14.526	-10.620	-7.9	-77.5	-12.3
7.620	8.634	0.102	2.722	8.057	-21.423	-18.005	-7.2	-77.7	-12.8
7.630	9.921	1.828	2.279	2.380	-21.484	-19.226	-6.2	-77.9	-13.8
7.640	10.238	2.333	1.647	-2.502	-10.254	-15.259	-5.0	-78.1	-15.0
7.650	9.376	1.551	2.094	-1.343	-8.728	-8.911	-4.1	-78.2	-16.0
7.660	8.413	0.184	4.225	-2.380	-18.982	0.000	-3.7	-78.4	-16.4
7.670	9.776	-2.402	10.385	-16.113	-43.945	18.372	-4.6	-78.5	-15.6
7.680	14.039	-2.774	13.208	-29.236	-89.050	51.025	-7.7	-78.8	-12.7
7.690	17.234	0.334	5.893	-36.011	-100.830	85.571	-12.9	-79.3	-7.7
7.700	14.078	2.097	-1.180	-29.297	-35.339	99.365	-18.7	-79.6	-2.2
7.710	10.371	2.516	4.021	-27.405	36.560	89.417	-22.7	-79.2	1.6
7.720	11.141	0.255	8.441	-4.456	41.992	80.933	-24.8	-78.3	3.6
7.730	12.893	-1.546	7.006	9.949	5.493	63.782	-26.6	-77.7	5.6
7.740	14.454	-3.081	3.978	9.949	-24.658	41.138	-28.5	-77.5	7.7
7.750	15.922	-3.298	2.529	3.296	-25.940	20.996	-30.3	-77.5	9.5
7.760	15.001	-2.100	1.250	-9.399	-1.587	9.094	-31.3	-77.6	10.5
7.770	13.312	-1.022	2.067	-15.503	25.696	6.287	-31.4	-77.4	10.5
7.780	12.120	-0.110	3.923	-15.442	32.227	1.160	-30.8	-77.1	9.7
7.790	11.128	0.382	4.140	-15.442	25.269	-8.606	-29.7	-76.9	8.4
7.800	10.376	1.586	3.738	-20.203	19.836	-18.066	-28.4	-76.7	6.9
7.810	9.416	1.894	3.021	-22.644	16.113	-18.738	-26.9	-76.7	5.2
7.820	9.158	2.037	2.997	-25.635	13.184	-15.198	-25.7	-76.6	3.7
7.830	8.885	1.785	2.429	-29.480	11.597	-12.207	-24.7	-76.6	2.4
7.840	8.098	1.730	1.800	-33.569	13.000	-12.390	-23.8	-76.6	1.2
7.850	8.520	1.500	1.873	-36.011	11.963	-13.245	-23.1	-76.5	0.1
7.860	8.370	1.385	1.651	-38.025	13.306	-15.625	-22.3	-76.5	-1.1
7.870	8.337	0.907	1.447	-41.992	14.893	-16.174	-21.5	-76.5	-2.3
7.880	7.994	0.287	1.034	-41.260	16.174	-18.127	-20.7	-76.4	-3.5
7.890	7.736	-0.464	0.895	-42.908	20.508	-19.287	-20.0	-76.4	-4.7
7.900	7.717	-1.727	0.864	-43.152	24.170	-19.959	-19.5	-76.3	-5.7
7.910	6.313	-1.755	1.003	-41.321	31.067	-19.592	-19.0	-76.1	-6.7
7.920	6.520	-2.385	1.174	-38.940	25.696	-17.883	-18.6	-75.8	-7.5
7.930	6.277	-2.215	0.844	-33.997	19.836	-17.639	-18.4	-75.7	-8.1
7.940	6.094	-2.095	0.650	-28.320	19.348	-14.160	-18.2	-75.6	-8.6
7.950	5.785	-1.903	0.742	-24.597	19.897	-11.475	-18.0	-75.4	-9.1
7.960	5.604	-1.679	0.839	-21.912	20.142	-9.766	-17.9	-75.3	-9.4
7.970	5.789	-1.366	0.869	-19.653	19.775	-9.766	-17.8	-75.1	-9.8
7.980	6.354	-0.816	0.657	-18.799	18.250	-10.925	-17.5	-75.0	-10.3
7.990	7.091	-0.692	0.746	-18.982	18.555	-11.169	-17.2	-74.9	-10.9
8.000	7.761	-0.382	0.849	-19.470	17.761	-11.719	-16.8	-74.8	-11.4
8.010	8.244	0.000	0.680	-20.325	11.841	-13.550	-16.4	-74.7	-12.1
8.020	8.729	0.566	0.546	-22.034	7.019	-14.709	-16.0	-74.8	-12.7
8.030	8.775	0.970	0.174	-25.208	4.578	-14.954	-15.5	-74.8	-13.5
8.040	8.829	1.536	0.479	-28.442	7.935	-13.794	-15.0	-74.9	-14.3
8.050	8.585	2.048	0.529	-32.349	10.010	-11.597	-14.5	-75.0	-15.1
8.060	8.006	2.730	1.451	-34.302	13.000	-8.789	-14.0	-74.9	-16.0
8.070	8.098	2.258	2.564	-33.447	12.085	-6.042	-13.4	-74.9	-16.9
8.080	8.188	1.509	2.866	-34.424	4.700	-2.014	-13.1	-74.8	-17.5
8.090	7.960	0.808	2.199	-41.626	-4.700	6.714	-13.4	-74.8	-17.6
8.100	8.657	-1.217	1.124	-44.556	-15.625	15.015	-14.3	-74.9	-17.1
8.110	9.866	-2.974	2.060	-44.495	-28.381	10.010	-15.7	-75.2	-16.2
8.120	11.894	-5.327	4.164	-33.508	-28.809	-7.141	-16.7	-75.4	-15.5
8.130	14.351	-4.558	5.412	-29.907	-29.968	-34.546	-17.0	-75.7	-15.5
8.140	15.073	-1.151	5.569	-29.175	-36.743	-59.570	-16.0	-76.0	-16.9
8.150	15.391	0.913	9.051	-14.709	-37.109	-68.726	-13.7	-76.5	-19.5
8.160	17.816	-0.185	11.270	30.396	-39.673	-71.716	-10.5	-76.7	-22.6
8.170	16.961	-3.110	8.700	39.246	-24.048	-70.923	-7.1	-76.9	-25.6
8.180	13.109	-2.147	5.474	30.396	-10.620	-65.247	-4.3	-76.9	-28.2
8.190	10.066	-2.276	5.774	13.367	5.127	-52.673	-2.2	-76.8	-30.3
8.200	8.310	-1.108	4.881	-1.282	4.822	-46.631	-0.5	-76.6	-32.0
8.210	7.884	-0.361	4.491	-14.465	-13.367	-42.847	1.1	-76.5	-33.7
8.220	8.591	-0.212	4.331	-15.320	-29.907	-37.720	2.5	-76.7	-35.4
8.230	10.122	-0.366	2.748	-8.240	-33.264	-26.733	3.7	-76.9	-36.7
8.240	11.858	-0.376	1.428	-1.648	-22.156	-14.893	4.4	-77.1	-37.5
8.250	12.730	-1.396	0.383	7.080	-7.446	-6.653	4.8	-77.3	-37.8
8.260	11.458	-2.051	1.442	15.259	12.634	-3.052	4.7	-77.3	-37.6
8.270	9.893	-2.906	2.879	24.841	25.330	-0.671	4.4	-77.1	-37.1
8.280	8.330	-2.158	4.621	32.104	20.691	-2.197	4.2	-76.8	-36.6
8.290	7.608	-1.405	4.488	36.987	2.258	-5.432	4.2	-76.7	-36.3
8.300	8.182	-0.758	4.154	36.133	-13.123	-8.301	4.7	-76.6	-36.4
8.310	8.748	-0.104	3.340	30.396	-20.935	-9.766	5.3	-76.7	-36.7
8.320	8.917	-0.245	2.736	22.522	-20.081	-9.216	5.9	-76.9	-37.1
8.330	8.300	-0.484	2.525	16.174	-16.113	-8.362	6.4	-77.0	-37.5
8.340	8.013	-0.534	2.668	12.817	-12.817	-6.836	6.8	-77.1	-37.7
8.350	7.714	-0.452	2.922	10.925	-10.071	-4.883	7.0	-77.2	-37.8
8.360	7.365	-0.467	2.656	9.399	-12.756	-3.479	7.2	-77.2	-37.9
8.370	7.788	-0.823	2.372	9.338	-18.127	-2.136	7.3	-77.4	-38.0
8.380	8.453	-1.010	1.588	11.230	-22.278	-1.953	7.4	-77.6	-37.9
8.390	8.617	-1.031	1.301	10.437	-17.151	-1.221	7.4	-77.8	-37.9
8.400	8.633	-1.046	1.496	9.888	-11.719	-0.305	7.4	-77.9	-37.7
8.410	8.269	-0.669	1.491	8.850	-8.606	-0.793	7.3	-78.0	-37.6
8.420	7.988	-0.379	1.339	7.629	-7.080	-0.305	7.3	-78.1	-37.5
8.430	7.698	-0.184	1.282	7.629	-5.920	1.038	7.3	-78.2	-37.4
8.440	7.553	-0.118	1.250	9.399	-6.409	2.563	7.2	-78.3	-37.3
8.450	7.653	-0.028	1.397	12.878	-8.118	4.333	7.1	-78.4	-37.1
8.460	7.795	-0.169	1.211	13.000	-12.390	5.859	7.0	-78.5	-36.8
8.470	8.089	-0.257	1.232	14.648	-15.869	6.348	6.9	-78.7	-36.5
8.480	8.389	-0.637	1.077	16.663	-17.029	6.836	6.7	-78.9	-36.2
8.490	8.638	-1.031	1.079	16.113	-16.113	7.202	6.4	-79.1	-35.7
8.500	8.962	-1.444	1.251	17.151	-16.479	6.531	6.0	-79.3	-35.2
8.510	9.302	-1.326	1.208	20.142	-17.883	3.967	5.7	-79.5	-34.6
8.520	9.460	-0.916	0.619	22.766	-19.592	1.343	5.6	-79.7	-34.3
8.530	9.486	-0.700	0.250	24.475	-16.174	0.244	5.6	-79.9	-34.2
8.540	9.357	-0.702	0.528	25.757	-8.545	1.038	5.7	-80.1	-34.0
8.550	9.239	-0.700	1.129	27.039	-0.305	2.991	5.7	-80.1	-33.7
8.560	9.090	-0.848	1.687	30.212	4.089	5.432	5.5	-80.1	-33.2
8.570	9.258	-0.935	1.847	30.334	3.174	8.789	5.0	-80.1	-32.4
8.580	9.391	-0.873	1.860	30.396	0.122	11.047	4.4	-80.1	-31.6
8.590	9.339	-0.828	2.060	30.151	0.793	12.390	3.8	-80.1	-30.6
8.600	8.979	-0.798	2.447	28.870	4.578	12.085	3.1	-80.0	-29.6
8.610	8.656	-0.483	3.024	25.269	6.165	9.521	2.6	-79.9	-28.8
8.620	8.366	0.012	3.439	20.203	4.333	5.737	2.3	-79.8	-28.3
8.630	8.426	0.250	2.935	15.625	-1.587	2.136	2.3	-79.7	-28.1
8.640	8.726	1.169	1.609	12.878	-7.263	-1.221	2.5	-79.7	-28.2
8.650	8.908	1.537	0.818	9.644	-6.165	-2.441	3.1	-79.8	-28.7
8.660	9.020	1.506	0.699	7.996	-2.991	-3.418	3.7	-79.9	-29.3
8.670	9.345	1.035	0.824	10.071	-3.418	-3.479	4.4	-79.9	-29.8
8.680	9.830	0.268	-0.034	16.785	-8.545	-3.845	5.0	-80.0	-30.3
8.690	10.371	-0.539	-0.367	17.822	-10.742	-3.357	5.5	-80.2	-30.6
8.700	10.468	-1.844	-0.187	20.813	-7.385	-1.892	5.6	-80.4	-30.6
8.710	9.934	-3.156	1.497	17.822	-4.700	0.183	5.3	-80.5	-30.0
8.720	9.035	-4.181	4.227	17.578	-6.958	1.221	4.5	-80.6	-29.0
8.730	8.921	-3.842	6.287	20.386	-19.592	4.395	3.3	-80.6	-27.7
8.740	10.233	-2.227	6.192	23.682	-38.391	13.367	1.9	-80.7	-26.1
8.750	12.490	0.713	4.388	20.630	-49.988	28.320	0.3	-81.0	-24.2
8.760	13.328	3.291	3.313	9.094	-42.419	44.189	-1.8	-81.4	-22.0
8.770	12.304	3.605	2.957	0.366	-21.301	54.382	-4.3	-81.6	-19.4
8.780	11.257	2.339	2.479	-2.747	-2.686	58.594	-7.2	-81.6	-16.5
8.790	10.737	1.196	2.157	-3.174	10.010	56.824	-10.2	-81.4	-13.4
8.800	10.697	0.294	2.626	-4.150	18.860	52.917	-13.1	-81.1	-10.6
8.810	10.540	0.086	3.698	-5.859	23.865	47.852	-15.5	-80.7	-8.2
8.820	10.498	0.528	4.234	-7.996	20.264	42.725	-17.4	-80.3	-6.4
8.830	10.954	1.083	4.006	-10.681	13.672	38.330	-18.9	-79.9	-5.0
8.840	11.432	1.381	3.579	-15.076	9.094	32.471	-20.0	-79.7	-3.9
8.850	11.238	1.531	3.520	-20.081	11.902	24.048	-20.7	-79.4	-3.4
8.860	11.051	0.923	3.130	-23.743	10.559	14.038	-20.9	-79.2	-3.4
8.870	11.165	0.095	3.048	-24.536	9.094	0.122	-20.7	-79.1	-3.8
8.880	10.705	-0.009	2.454	-23.438	7.935	-13.489	-20.1	-79.0	-4.7
8.890	10.138	0.254	2.264	-19.959	12.634	-19.836	-19.0	-79.0	-6.1
8.900	9.963	0.400	2.435	-16.541	16.663	-20.447	-17.6	-78.9	-7.6
8.910	9.623	0.679	2.519	-13.672	18.311	-19.531	-16.3	-78.8	-9.1
8.920	9.429	0.737	2.444	-12.085	17.700	-17.212	-15.0	-78.6	-10.5
8.930	9.234	0.634	2.380	-11.353	18.799	-13.245	-13.9	-78.5	-11.8
8.940	9.100	0.342	2.408	-11.536	20.874	-9.033	-13.1	-78.3	-12.7
8.950	8.835	0.011	2.496	-12.085	21.545	-7.690	-12.4	-78.1	-13.5
8.960	8.755	-0.248	2.495	-12.634	18.066	-9.583	-11.8	-77.8	-14.2
8.970	8.656	-0.028	1.943	-14.465	13.306	-12.329	-11.3	-77.7	-15.0
8.980	8.680	0.051	1.690	-17.639	13.062	-13.123	-10.6	-77.6	-15.8
8.990	8.398	0.260	1.974	-19.165	15.808	-12.390	-10.1	-77.5	-16.6
9.000	8.286	0.231	2.060	-18.921	15.930	-11.414	-9.5	-77.3	-17.3
9.010	8.203	0.117	1.848	-18.616	14.526	-10.559	-9.0	-77.2	-18.0
9.020	7.998	0.104	2.175	-19.836	12.573	-10.315	-8.6	-77.1	-18.7
9.030	8.066	0.105	2.157	-17.517	9.827	-10.498	-8.1	-77.0	-19.3
9.040	8.394	0.067	2.158	-16.418	6.592	-10.193	-7.7	-76.9	-19.9
9.050	8.716	0.038	1.964	-15.015	3.418	-9.644	-7.4	-76.9	-20.4
9.060	8.938	-0.125	1.898	-14.343	1.221	-8.972	-7.1	-76.9	-20.9
9.070	9.004	-0.144	1.878	-13.672	1.221	-8.301	-6.8	-76.9	-21.3
9.080	9.137	-0.183	2.016	-13.428	1.587	-7.751	-6.6	-76.9	-21.6
9.090	9.283	-0.220	2.095	-12.573	1.892	-7.324	-6.4	-76.9	-22.0
9.100	9.452	-0.127	2.220	-11.292	2.563	-6.287	-6.2	-76.8	-22.3
9.110	9.539	-0.022	2.599	-9.338	4.211	-4.700	-6.0	-76.8	-22.6
9.120	9.661	-0.178	3.280	-6.470	6.958	-2.808	-5.9	-76.7	-22.8
9.130	10.145	-0.493	3.570	-3.418	7.629	-1.343	-5.8	-76.6	-22.9
9.140	10.622	-0.895	2.981	-2.258	7.080	0.183	-5.8	-76.5	-22.9
9.150	10.516	-1.119	2.601	-2.136	7.019	1.526	-6.0	-76.4	-22.8
9.160	9.862	-0.906	2.683	-1.648	9.399	1.160	-6.2	-76.3	-22.6
9.170	9.314	-0.436	2.638	-2.014	10.559	-0.793	-6.2	-76.2	-22.6
9.180	9.108	0.071	2.627	-2.502	9.216	-3.418	-6.1	-76.0	-22.8
9.190	9.309	0.457	2.610	-3.723	7.874	-5.188	-5.8	-76.0	-23.1
9.200	9.656	0.753	2.662	-4.578	7.385	-5.188	-5.5	-75.9	-23.5
9.210	9.837	0.855	2.417	-5.188	7.629	-4.333	-5.1	-75.8	-23.9
9.220	9.641	0.856	2.236	-6.226	9.033	-4.028	-4.8	-75.7	-24.3
9.230	9.283	0.663	2.375	-7.263	9.827	-4.395	-4.5	-75.6	-24.7
9.240	8.935	0.486	2.485	-8.423	9.216	-5.005	-4.2	-75.5	-25.0
9.250	8.741	0.338	2.694	-9.766	7.935	-5.676	-4.0	-75.4	-25.4
9.260	8.857	-0.031	2.630	-8.118	7.019	-7.019	-3.7	-75.4	-25.7
9.270	8.994	-0.240	2.672	-7.813	6.348	-7.813	-3.5	-75.3	-26.1
9.280	9.228	-0.351	2.613	-7.080	5.615	-7.996	-3.2	-75.2	-26.4
9.290	9.342	-0.297	2.460	-6.042	5.005	-7.324	-3.0	-75.2	-26.7
9.300	9.395	-0.341	2.356	-4.456	5.676	-6.287	-2.9	-75.1	-26.9
9.310	9.467	-0.562	2.349	-2.808	6.226	-5.127	-2.7	-75.0	-27.1
9.320	9.455	-0.751	2.351	-1.343	5.920	-4.272	-2.7	-75.0	-27.2
9.330	9.570	-0.688	2.170	-0.366	4.028	-4.517	-2.6	-75.0	-27.3
9.340	9.534	-0.455	2.025	0.061	2.869	-5.005	-2.5	-74.9	-27.4
9.350	9.466	-0.206	2.163	0.305	3.113	-4.944	-2.3	-74.9	-27.5
9.360	9.314	-0.045	2.405	1.099	3.174	-4.761	-2.2	-74.9	-27.7
9.370	9.304	-0.031	2.654	1.343	2.075	-4.578	-2.0	-74.9	-27.9
9.380	9.405	-0.181	2.770	1.343	0.610	-4.944	-1.8	-74.9	-28.1
9.390	9.445	-0.265	2.704	1.221	0.671	-5.676	-1.6	-74.8	-28.3
9.400	9.383	-0.149	2.442	1.160	2.075	-5.920	-1.4	-74.8	-28.5
9.410	9.229	-0.092	2.335	0.610	4.395	-5.737	-1.1	-74.8	-28.7
9.420	9.139	-0.087	2.248	0.244	4.578	-5.493	-0.9	-74.8	-29.0
9.430	9.261	0.051	2.343	-0.244	3.601	-4.761	-0.8	-74.7	-29.1
9.440	9.518	0.048	2.437	-0.916	1.038	-3.174	-0.6	-74.7	-29.3
9.450	9.739	-0.119	2.453	-1.648	0.061	-1.160	-0.6	-74.7	-29.4
9.460	9.814	-0.233	2.418	-1.709	0.427	0.305	-0.6	-74.7	-29.4
9.470	9.835	-0.253	2.431	-1.892	1.404	1.282	-0.7	-74.7	-29.3
9.480	9.752	-0.195	2.425	-2.502	1.831	2.136	-0.8	-74.7	-29.2
9.490	9.559	-0.135	2.374	-3.723	1.892	2.869	-1.0	-74.7	-29.1
9.500	9.338	-0.163	2.347	-5.188	1.587	3.113	-1.1	-74.7	-28.9
9.510	9.149	-0.262	2.313	-5.920	1.770	2.991	-1.3	-74.7	-28.8
9.520	9.005	-0.343	2.297	-6.348	2.441	2.808	-1.5	-74.6	-28.7
9.530	8.834	-0.386	2.424	-7.141	2.625	2.563	-1.7	-74.6	-28.5
9.540	8.909	-0.502	2.410	-7.446	0.549	2.075	-1.9	-74.6	-28.4
9.550	9.085	-0.576	2.431	-7.874	-1.404	1.404	-2.2	-74.6	-28.3
9.560	9.151	-0.501	2.265	-8.179	-3.052	0.916	-2.4	-74.6	-28.2
9.570	9.243	-0.268	2.114	-8.911	-4.456	1.038	-2.5	-74.7	-28.1
9.580	9.286	-0.177	2.088	-9.705	-4.700	1.587	-2.7	-74.7	-28.0
9.590	9.334	-0.105	2.104	-9.827	-4.395	2.441	-2.9	-74.8	-27.9
9.600	9.316	-0.169	2.139	-9.277	-4.272	3.174	-3.1	-74.9	-27.8
9.610	9.325	-0.348	1.991	-7.874	-3.418	4.028	-3.4	-74.9	-27.6
9.620	9.258	-0.554	2.094	-7.019	-0.916	4.395	-3.7	-74.9	-27.4
9.630	9.175	-0.787	2.138	-5.859	0.916	4.395	-4.0	-74.9	-27.2
9.640	9.127	-0.903	2.224	-6.165	1.953	3.662	-4.3	-74.9	-26.9
9.650	9.120	-0.914	2.338	-6.714	2.563	2.686	-4.6	-74.9	-26.7
9.660	9.198	-0.903	2.449	-6.958	2.563	1.892	-4.8	-74.9	-26.5
9.670	9.339	-0.895	2.452	-6.470	2.563	0.977	-5.1	-74.8	-26.3
9.680	9.434	-0.800	2.365	-5.432	1.831	0.671	-5.2	-74.8	-26.2
9.690	9.462	-0.755	2.213	-3.357	1.282	1.038	-5.4	-74.8	-26.1
9.700	9.502	-0.712	2.118	-1.587	0.977	1.648	-5.6	-74.8	-26.0
9.710	9.500	-0.716	2.094	-0.305	-0.427	2.136	-5.7	-74.8	-25.8
9.720	9.608	-0.818	2.061	0.854	-1.526	2.991	-5.9	-74.8	-25.6
9.730	9.601	-0.920	2.025	0.549	-0.854	2.808	-6.1	-74.9	-25.4
9.740	9.673	-0.764	2.001	-0.488	0.854	1.343	-6.3	-74.9	-25.2
9.750	9.603	-0.493	2.094	-2.380	5.066	-0.671	-6.4	-74.9	-25.2
9.760	9.574	-0.203	2.289	-3.479	6.470	-1.770	-6.3	-74.8	-25.3
9.770	9.709	-0.151	2.252	-3.784	5.066	-1.648	-6.3	-74.8	-25.4
9.780	9.632	-0.369	2.338	-4.883	5.676	-0.427	-6.3	-74.7	-25.4
9.790	9.483	-0.607	2.462	-5.493	6.592	0.305	-6.3	-74.7	-25.4
9.800	9.348	-0.742	2.365	-5.005	5.127	0.305	-6.4	-74.6	-25.4
9.810	9.253	-0.661	2.130	-4.028	2.747	-0.122	-6.5	-74.6	-25.3
9.820	9.303	-0.477	1.974	-3.540	2.197	-0.488	-6.6	-74.6	-25.3
9.830	9.297	-0.509	2.149	-3.540	2.258	-0.793	-6.6	-74.6	-25.3
9.840	9.365	-0.534	2.253	-3.113	-0.061	-1.465	-6.7	-74.6	-25.3
9.850	9.412	-0.493	2.156	-3.235	-1.709	-2.380	-6.7	-74.6	-25.4
9.860	9.266	-0.463	2.086	-4.150	-0.916	-3.235	-6.6	-74.6	-25.4
9.870	9.109	-0.271	2.151	-5.493	1.221	-3.845	-6.6	-74.7	-25.6
9.880	9.015	-0.297	2.220	-5.920	2.869	-4.089	-6.5	-74.6	-25.7
9.890	8.996	-0.400	2.140	-5.127	2.686	-4.639	-6.4	-74.6	-25.9
9.900	9.096	-0.491	2.153	-4.333	0.549	-5.615	-6.2	-74.6	-26.1
9.910	9.281	-0.502	1.928	-3.601	-1.465	-6.958	-6.1	-74.7	-26.3
9.920	9.406	-0.544	1.924	-3.174	-2.686	-7.690	-5.9	-74.7	-26.5
9.930	9.556	-0.416	1.810	-2.380	-3.662	-8.057	-5.7	-74.8	-26.8
9.940	9.638	-0.336	1.758	-1.160	-3.662	-8.057	-5.5	-74.9	-27.0
9.950	9.650	-0.271	1.713	0.305	-3.540	-7.751	-5.2	-74.9	-27.3
9.960	9.595	-0.206	1.909	0.488	-2.808	-7.202	-5.0	-75.0	-27.6
9.970	9.565	-0.272	2.375	0.244	-2.380	-5.920	-4.7	-75.1	-27.8
9.980	9.690	-0.464	2.411	1.099	-3.174	-4.456	-4.6	-75.1	-28.0
9.990	9.690	-0.758	2.200	2.563	-1.343	-3.662	-4.5	-75.1	-28.1
10.000	9.439	-0.809	2.238	2.197	1.404	-2.869	-4.4	-75.1	-28.1
10.010	9.377	-0.625	2.481	0.244	1.221	-2.258	-4.4	-75.1	-28.1
10.020	9.737	-0.348	2.503	-1.770	-1.343	-2.319	-4.4	-75.1	-28.1
10.030	10.045	0.092	2.210	-4.578	-2.258	-2.686	-4.4	-75.1	-28.2
10.040	10.181	0.411	2.100	-7.507	-1.282	-2.319	-4.3	-75.2	-28.4
10.050	10.117	0.521	2.156	-9.155	0.793	-1.526	-4.2	-75.2	-28.5
10.060	9.887	0.449	2.431	-10.193	3.967	-1.038	-4.1	-75.2	-28.7
10.070	9.631	0.271	2.467	-10.620	6.226	-1.282	-4.1	-75.1	-28.9
10.080	9.331	-0.066	2.477	-11.658	6.042	-2.197	-4.0	-75.1	-29.0
10.090	9.298	-0.382	2.469	-11.902	4.639	-2.991	-4.0	-75.0	-29.2
10.100	9.327	-0.531	2.430	-10.437	3.235	-3.479	-4.0	-75.0	-29.3
10.110	9.368	-0.585	2.183	-8.362	2.075	-3.235	-4.1	-75.0	-29.3
10.120	9.265	-0.649	2.173	-5.676	2.014	-1.831	-4.1	-75.0	-29.4
10.130	9.217	-0.970	2.581	-1.221	2.808	-0.183	-4.2	-74.9	-29.3
10.140	9.383	-0.983	2.551	2.563	2.136	0.000	-4.3	-74.9	-29.2
10.150	9.386	-0.721	2.200	3.845	1.404	-0.854	-4.4	-74.9	-29.1
10.160	9.207	-0.309	2.005	2.930	1.709	-1.160	-4.3	-74.9	-29.1
10.170	9.064	0.018	1.936	2.136	1.221	-0.732	-4.3	-74.9	-29.1
10.180	9.139	0.142	2.147	1.770	0.183	0.122	-4.2	-74.9	-29.2
10.190	9.343	0.098	2.424	1.892	-1.099	0.366	-4.2	-74.9	-29.2
10.200	9.574	0.117	2.496	2.441	-2.380	-0.183	-4.1	-74.9	-29.3
10.210	9.735	0.062	2.307	2.380	-2.319	-0.793	-4.0	-75.0	-29.3
10.220	9.816	-0.003	2.298	1.587	-1.221	-1.099	-3.9	-75.0	-29.4
10.230	9.744	-0.072	2.425	0.488	-0.793	-1.221	-3.8	-75.0	-29.5
10.240	9.687	-0.015	2.367	-0.305	-1.892	-1.709	-3.8	-75.0	-29.6
10.250	9.582	0.083	2.214	-0.854	-2.563	-2.014	-3.7	-75.1	-29.7
10.260	9.416	0.086	2.267	-0.305	-2.136	-2.258	-3.6	-75.1	-29.8
10.270	9.380	-0.120	2.481	1.038	-1.038	-2.380	-3.4	-75.1	-29.9
10.280	9.380	-0.321	2.659	3.235	-0.488	-2.930	-3.3	-75.1	-30.0
10.290	9.477	-0.295	2.510	4.883	-0.305	-3.784	-3.2	-75.1	-30.1
10.300	9.545	-0.196	2.261	4.883	0.610	-3.845	-3.0	-75.1	-30.3
10.310	9.520	-0.078	2.240	3.845	2.686	-3.052	-2.8	-75.1	-30.4
10.320	9.411	-0.072	2.272	3.052	3.845	-1.648	-2.7	-75.1	-30.5
10.330	9.319	-0.114	2.214	2.808	2.808	-0.732	-2.6	-75.1	-30.5
10.340	9.276	-0.071	2.274	2.747	1.343	-0.244	-2.6	-75.0	-30.6
10.350	9.351	-0.014	2.230	2.747	0.183	0.122	-2.5	-75.0	-30.6
10.360	9.421	0.044	2.302	2.502	-0.916	0.427	-2.5	-75.1	-30.6
10.370	9.491	-0.053	2.181	2.197	-1.709	0.854	-2.5	-75.1	-30.6
10.380	9.515	-0.083	2.248	2.319	-1.770	1.160	-2.5	-75.1	-30.5
10.390	9.508	-0.120	2.204	3.174	-1.404	1.221	-2.5	-75.1	-30.5
10.400	9.468	-0.090	2.164	3.906	-0.977	1.160	-2.5	-75.2	-30.4
10.410	9.416	-0.072	2.149	4.456	-0.488	1.221	-2.5	-75.2	-30.4
10.420	9.397	-0.092	2.150	4.822	-0.610	1.404	-2.5	-75.2	-30.3
10.430	9.374	-0.038	2.137	4.944	-0.793	1.526	-2.5	-75.2	-30.3
10.440	9.343	0.019	2.112	5.005	-0.977	1.465	-2.5	-75.2	-30.2
10.450	9.348	0.121	2.084	4.883	-1.343	1.404	-2.5	-75.3	-30.2
10.460	9.350	0.162	2.106	4.883	-1.160	1.587	-2.5	-75.3	-30.2
10.470	9.424	0.175	2.070	4.822	-1.343	1.831	-2.5	-75.3	-30.2
10.480	9.458	0.140	2.103	4.395	-2.197	1.770	-2.5	-75.3	-30.1
10.490	9.593	0.090	2.164	3.784	-2.686	1.465	-2.4	-75.4	-30.1
10.500	9.704	0.099	2.071	3.418	-2.319	1.038	-2.4	-75.4	-30.1
10.510	9.671	0.042	2.040	3.235	-1.526	0.793	-2.4	-75.5	-30.1
10.520	9.634	0.020	2.145	3.296	-0.854	0.610	-2.4	-75.5	-30.1
10.530	9.582	0.057	2.143	3.418	-0.854	0.732	-2.3	-75.5	-30.1
10.540	9.577	0.053	2.118	3.418	-1.160	0.671	-2.3	-75.5	-30.1
10.550	9.557	0.111	2.065	3.296	-1.465	1.038	-2.3	-75.6	-30.1
10.560	9.513	0.074	2.180	3.113	-1.099	1.343	-2.3	-75.6	-30.0
10.570	9.518	0.025	2.096	3.479	-0.366	1.526	-2.3	-75.6	-30.0
10.580	9.521	0.034	2.095	3.662	-0.122	1.465	-2.3	-75.6	-30.0
10.590	9.482	0.067	2.043	3.357	0.000	1.343	-2.3	-75.6	-29.9
10.600	9.465	0.042	2.039	2.869	-0.061	1.343	-2.3	-75.6	-29.9
10.610	9.458	0.032	2.095	2.197	-0.305	1.160	-2.3	-75.6	-29.9
10.620	9.443	0.085	2.118	1.404	-0.122	1.282	-2.3	-75.7	-29.9
10.630	9.545	0.049	2.097	0.977	-0.427	1.404	-2.3	-75.7	-29.8
10.640	9.605	0.056	2.126	0.671	-0.488	1.587	-2.3	-75.7	-29.8
10.650	9.642	0.103	2.082	0.244	-0.305	1.648	-2.3	-75.7	-29.8
10.660	9.626	0.110	2.164	0.183	0.366	1.953	-2.4	-75.7	-29.7
10.670	9.628	0.004	2.149	0.244	1.160	2.136	-2.4	-75.7	-29.7
10.680	9.623	-0.005	2.177	0.610	0.854	1.953	-2.5	-75.7	-29.6
10.690	9.592	0.016	2.133	1.038	0.244	1.587	-2.5	-75.7	-29.6
10.700	9.516	-0.039	2.124	1.343	0.305	1.160	-2.5	-75.7	-29.5
10.710	9.461	-0.027	2.084	1.465	0.671	1.099	-2.6	-75.7	-29.5
10.720	9.409	-0.121	2.107	1.526	0.732	1.099	-2.6	-75.7	-29.5
10.730	9.400	-0.106	2.159	1.343	0.427	1.221	-2.6	-75.7	-29.4
10.740	9.388	-0.042	2.144	1.282	-0.305	1.221	-2.6	-75.7	-29.4
10.750	9.436	-0.008	2.211	1.160	-0.732	1.221	-2.7	-75.7	-29.4
10.760	9.515	0.031	2.151	0.793	-1.038	1.160	-2.7	-75.8	-29.3
10.770	9.568	0.025	2.147	0.305	-0.854	0.916	-2.7	-75.8	-29.3
10.780	9.589	0.029	2.249	0.244	-0.244	0.793	-2.7	-75.8	-29.3
10.790	9.579	-0.005	2.234	0.671	0.183	0.671	-2.7	-75.8	-29.3
10.800	9.573	-0.090	2.290	1.587	0.488	0.427	-2.7	-75.8	-29.3
10.810	9.569	-0.214	2.258	2.075	0.793	0.183	-2.7	-75.8	-29.3
10.820	9.519	-0.228	2.220	2.136	0.916	0.122	-2.7	-75.8	-29.3
10.830	9.449	-0.235	2.192	2.075	1.099	-0.061	-2.7	-75.8	-29.2
10.840	9.410	-0.136	2.198	2.319	1.526	-0.061	-2.7	-75.8	-29.2
10.850	9.433	-0.111	2.242	2.258	1.892	0.122	-2.7	-75.8	-29.2
10.860	9.391	-0.095	2.331	2.441	1.709	0.305	-2.6	-75.7	-29.2
10.870	9.410	-0.090	2.246	2.686	1.160	0.549	-2.6	-75.7	-29.2
10.880	9.472	-0.181	2.268	3.296	1.099	0.671	-2.6	-75.7	-29.2
10.890	9.477	-0.235	2.197	3.418	0.610	0.793	-2.6	-75.7	-29.2
10.900	9.551	-0.263	2.192	3.174	0.488	0.671	-2.6	-75.7	-29.1
10.910	9.524	-0.224	2.102	3.235	0.122	0.916	-2.7	-75.7	-29.1
10.920	9.497	-0.125	2.127	3.174	0.244	1.099	-2.7	-75.7	-29.0
10.930	9.474	-0.065	2.216	3.174	0.610	1.404	-2.7	-75.7	-29.0
10.940	9.446	-0.054	2.302	3.357	0.549	1.770	-2.7	-75.7	-28.9
10.950	9.450	-0.145	2.335	3.235	0.366	1.953	-2.8	-75.7	-28.8
10.960	9.486	-0.126	2.265	2.869	0.366	1.770	-2.8	-75.7	-28.8
10.970	9.494	-0.150	2.267	2.441	0.549	1.343	-2.8	-75.7	-28.7
10.980	9.512	-0.133	2.217	2.075	0.732	1.160	-2.9	-75.7	-28.7
10.990	9.447	-0.177	2.174	1.831	0.977	0.854	-2.9	-75.7	-28.6
11.000	9.407	-0.173	2.130	1.831	0.977	0.732	-2.9	-75.7	-28.6
11.010	9.429	-0.159	2.150	1.831	0.732	0.610	-2.9	-75.7	-28.5
11.020	9.409	-0.138	2.109	1.831	0.610	0.305	-2.9	-75.7	-28.5
11.030	9.480	-0.062	2.119	1.587	0.549	0.122	-2.9	-75.7	-28.5
11.040	9.464	-0.040	2.062	1.404	0.244	0.366	-2.9	-75.7	-28.5
11.050	9.460	0.004	2.062	1.099	0.061	0.610	-2.9	-75.7	-28.5
11.060	9.419	-0.001	2.106	0.977	0.305	0.732	-2.9	-75.7	-28.5
11.070	9.416	-0.068	2.168	0.916	-0.122	0.854	-2.9	-75.7	-28.5
11.080	9.412	-0.092	2.180	0.671	-0.671	0.854	-2.9	-75.8	-28.5
11.090	9.491	-0.157	2.174	0.366	-1.221	0.732	-2.9	-75.8	-28.5
11.100	9.503	-0.163	2.101	0.244	-1.770	0.488	-3.0	-75.8	-28.4
11.110	9.433	-0.071	1.999	-0.122	-2.075	0.244	-3.0	-75.8	-28.4
11.120	9.411	0.012	1.940	-0.916	-2.563	0.122	-3.0	-75.9	-28.4
11.130	9.411	-0.027	2.030	-1.465	-3.113	0.000	-3.0	-75.9	-28.4
11.140	9.422	-0.007	2.055	-1.831	-2.991	-0.061	-3.0	-76.0	-28.4
11.150	9.494	-0.014	2.052	-2.136	-2.930	-0.244	-3.0	-76.0	-28.5
11.160	9.497	-0.013	2.104	-2.380	-2.502	-0.366	-3.0	-76.0	-28.5
11.170	9.472	-0.008	2.174	-2.380	-2.563	-0.488	-3.0	-76.1	-28.5
11.180	9.406	0.030	2.062	-2.563	-3.052	-0.488	-3.0	-76.1	-28.6
11.190	9.410	-0.045	1.967	-2.930	-3.296	-0.366	-3.0	-76.1	-28.6
11.200	9.434	-0.105	1.951	-3.296	-3.296	-0.183	-3.0	-76.2	-28.6
11.210	9.459	-0.159	1.977	-3.540	-3.723	0.061	-3.0	-76.2	-28.6
11.220	9.489	-0.232	1.977	-3.662	-4.211	0.122	-3.1	-76.3	-28.6
11.230	9.518	-0.224	1.950	-4.150	-4.517	0.305	-3.2	-76.3	-28.6
11.240	9.534	-0.175	1.961	-4.761	-4.517	0.366	-3.2	-76.4	-28.5
11.250	9.501	-0.081	2.037	-5.554	-4.395	0.305	-3.3	-76.4	-28.5
11.260	9.492	-0.075	2.056	-6.042	-4.944	0.305	-3.4	-76.5	-28.5
11.270	9.515	-0.166	2.112	-6.287	-5.371	0.244	-3.5	-76.6	-28.5
11.280	9.563	-0.215	2.162	-6.042	-5.371	0.244	-3.6	-76.6	-28.5
11.290	9.593	-0.210	2.119	-6.470	-5.432	0.122	-3.7	-76.7	-28.4
11.300	9.545	-0.210	2.078	-6.836	-5.371	0.061	-3.8	-76.7	-28.4
11.310	9.543	-0.230	2.015	-7.019	-5.249	-0.122	-3.9	-76.8	-28.4
11.320	9.586	-0.274	2.085	-7.141	-4.456	-0.183	-4.0	-76.8	-28.3
11.330	9.594	-0.281	2.182	-6.775	-3.357	0.000	-4.1	-76.9	-28.3
11.340	9.582	-0.313	2.274	-6.348	-2.869	0.122	-4.2	-76.9	-28.3
11.350	9.605	-0.314	2.258	-5.859	-2.869	0.061	-4.3	-76.9	-28.3
11.360	9.555	-0.314	2.186	-5.737	-2.747	0.061	-4.4	-77.0	-28.2
11.370	9.533	-0.238	2.140	-5.859	-2.808	0.000	-4.4	-77.0	-28.2
11.380	9.504	-0.277	2.152	-6.226	-2.869	0.122	-4.5	-77.0	-28.2
11.390	9.527	-0.299	2.296	-5.676	-2.319	0.488	-4.6	-77.0	-28.1
11.400	9.516	-0.268	2.199	-4.700	-1.526	0.854	-4.7	-77.0	-28.1
11.410	9.459	-0.226	2.226	-4.272	-0.549	1.282	-4.9	-77.0	-28.0
11.420	9.534	-0.312	2.333	-3.845	-0.305	1.648	-5.0	-77.0	-27.9
11.430	9.582	-0.294	2.283	-3.662	-1.038	1.526	-5.1	-77.0	-27.9
11.440	9.641	-0.238	2.157	-3.113	-1.160	1.160	-5.2	-77.0	-27.8
11.450	9.637	-0.259	2.175	-2.258	-0.671	1.038	-5.3	-77.0	-27.7
11.460	9.637	-0.275	2.201	-1.343	-0.061	0.793	-5.3	-77.0	-27.7
11.470	9.595	-0.373	2.260	-0.427	0.061	0.610	-5.4	-77.0	-27.6
11.480	9.564	-0.396	2.224	0.244	-0.122	0.305	-5.4	-77.0	-27.6
11.490	9.575	-0.394	2.206	0.488	-0.366	0.122	-5.5	-77.0	-27.6
11.500	9.599	-0.400	2.217	0.732	-0.549	0.061	-5.5	-77.0	-27.5
11.510	9.597	-0.368	2.228	1.099	-0.305	0.183	-5.5	-77.0	-27.5
11.520	9.581	-0.318	2.185	1.465	0.488	0.366	-5.6	-77.0	-27.4
